"C"||"C"|||71|122|195|200|200|200||78||0|0|0|0|0|1|93|96|100|86|91|100|77|85|95|57|63|71|34|38|43|2|2|3|3|4|5|4|5|6|14|15|16|11|12|13|29|34|40|17|20|22|12|14|18|25|28|30|4|6|8|0|0.25|0.5||||1.4|1.45|1.5||||1.52|1.57|1.59||1.41|2.82|14.11|0.14|0.15|0.16||||27.3|29.7|32.3|13.9|16.5|18.9|37|41|45|1.8|2.5|3|32|36|39|13|16|19|4|7|12|".32"|".32"|1|10|15|0|0|0|0|0|0|0|1|2|14.8|17.1|17.6||||18.6|24|56.6|7.4|7.9|8.4||||||||||0|0.3|1.8|||||||||||||||||||||"15420672"|"44677006"
"Bk"||"B"|||61|71|109|71|122|195||51||0|0|0|0|0|3|95|96|100|89|93|100|77|86|98|55|64|74|34|38|42|2|2|3|3|4|5|4|5|7|14|15|18|11|12|15|29|37|40|17|20|22|12|17|18|18|25|30|2|4|6|0.5|0.75|1||||1.4|1.45|1.5||||1.51|1.56|1.61||1.41|9.17|14.11|0.15|0.18|0.19||||24.6|28.9|32.1|10.2|14.9|18.7|37|41|44|1.3|2.4|3.5|27|35|41|9|15|20|2|7|13|".32"|".32"|5|20|30|0|0|0|0|0|0|0|1|2|13.2|17.1|19.6||||18.6|46.5|58.6|7.4|7.9|8.4||||||||||0|0.5|2.2|||||||||||||||||||||"15420672"|"44677007"
"Ap"||"A"|||0|0|0|13|15|20||15||0|0|0|0|0|5|94|96|100|89|93|100|79|86|97|58|64|73|34|38|43|2|2|3|3|4|5|4|5|6|14|15|16|11|12|13|35|40|45|18|20|23|17|20|22|18|22|26|0|0|0|2|3|4||||1.35|1.4|1.45||||1.47|1.52|1.56||4.23|9.17|14.11|0.18|0.2|0.22||||25.6|29.4|32.7|11.6|15.5|19.6|37|41|45|1.8|2.7|3.6|32|38|44|12|15|18|4|7|13|".24"|".24"|0|0|0|0|0|0|0|0|0|0|1|2|15.5|18.9|22.2||||13.7|18|24.7|6.1|6.7|7.3||||||||||2.4|4.7|7.1|||||||||||||||||||||"15420672"|"44677008"
"A"||"A"|||13|15|20|28|30|38||15||0|0|0|0|0|5|94|96|100|89|92|100|79|86|97|57|64|73|34|38|43|2|2|3|3|4|5|4|5|6|14|15|16|11|12|13|35|40|45|18|20|23|17|20|22|18|22|26|0|0|0|2|3|4||||1.25|1.35|1.45||||1.37|1.47|1.51||4.23|9.17|14.11|0.18|0.2|0.22||||25.3|28.9|32.3|11.2|14.9|18.9|37|43|48|1.8|2.7|3.6|32|38|44|12|15|18|4|7|13|".32"|".32"|0|0|0|0|0|0|0|0|0|0|1|2|15.5|18.9|22.2||||13.7|18|24.7|6.1|6.7|7.3||||||||||2.4|4.7|7.1|||||||||||||||||||||"15420672"|"44677009"
"Bw"||"B"|||28|30|38|61|71|109||41||0|0|0|0|0|3|95|96|100|89|93|100|81|88|100|58|64|77|34|38|47|1|1|1|2|3|3|4|5|8|15|16|19|12|13|16|29|40|45|17|20|23|12|20|22|18|22|30|0|0|0|1|2|3||||1.35|1.4|1.45||||1.47|1.52|1.6||1.41|9.17|14.11|0.15|0.18|0.19||||24.9|28.5|33.2|10.5|14.3|20.5|38|42|45|1.8|2.7|4.4|30|36|46|12|15|21|4|7|16|".32"|".32"|0|0|0|0|0|0|0|0|0|0|1|2|15.1|18.6|25||||13|20.4|33|6.1|7.2|7.8||||||||||0.6|3|7.1|||||||||||||||||||||"15420672"|"44677010"
"Bk"||"B"||||76|||150|||||0|0|0|0|0|0|95|97.5|100|95|97.5|100|85|92.5|100|60|70|80||33.5|||3|||4.2|||5.8|||10.5|||10|||36.5||||||||25|30|35||||0.5|0.75|1||||1.5|1.6|1.7|||||1.83|||0.42|2|4|0.16|0.18|0.2|||||33.1|||20.9|||37||3|4.5|5.9|30|37.5|45|10|17.5|25|3|10|19|".32"|".32"|1|11|20|0|1|2|0|1|1|0|2|4|15|17.5|20|||||||6.6|7.5|8.4|||||||||||||||||||||||||||||||||"15420673"|"44677011"
"A"||"A"||||0|||38|||||0|0|0|0|0|0|100|100|100|100|100|100|90|95|100|60|72.5|85||38.5|||3.4|||4.9|||6.7|||12.1|||11.4|||36.5||||||||23|25|27||||3|4.5|6||||1.15|1.2|1.25|||||1.37|||4|9|14|0.18|0.19|0.2|||||31|||16.9|||50||3|4.5|5.9|30|40|50|10|15|20|3|10|19|".20"|".20"|0|0|0|0|0|0|0|0|0|0|1|2|15|22.5|30|||||||6.1|6.7|7.3|||||||||||||||||||||||||||||||||"15420673"|"44677012"
"2C"|2|"C"||||150|||200|||||0|0|0|0|3|5|95|97.5|100|95|97.5|100|85|92.5|100|60|70|80||33.5|||3|||4.2|||5.8|||10.5|||10|||36.5||||||||25|30|35||||0|0.25|0.5||||1.5|1.6|1.7|||||1.83|||0.42|2|4|0.16|0.18|0.2|||||32.1|||19.8|||36||3|4.5|5.9|30|37.5|45|10|17.5|25|3|10|19|".32"|".32"|1|6|10|1|3|5|0|1|2|2|5|8|10|15|20|||||||7.4|7.9|8.4|||||||||||||||||||||||||||||||||"15420673"|"44677013"
"Bt"||"B"||||38|||76|||||0|0|0|0|0|0|100|100|100|95|97.5|100|90|95|100|70|80|90||31.1|||2.7|||3.2|||6|||10.6|||8.6|||30.9||||||||35|38|45||||1|2|3||||1.25|1.35|1.45|||||1.68|||0.42|2|4|0.11|0.14|0.17|||||34.6|||23.5|||45||6|7.5|8.9|40|47.5|55|15|22.5|30|9|18|30|".24"|".24"|0|0|0|0|0|0|0|0|0|0|1|2|20|25|30|||||||6.1|6.7|7.3|||||||||||||||||||||||||||||||||"15420673"|"44677014"
"A"||"A"||||0|||25|||||0|0|0|0|0|0|95|97.5|100|95|97.5|100|85|92.5|100|85|90|95||24.5|||1.9|||2.8|||3.9|||7.7|||8.2|||52||||||||20|23.5|27||||2|3|4||||1.15|1.23|1.3|||||1.29|||4|9|14|0.2|0.21|0.22|||||29.3|||14.7|||49||0|1.5|2.9|30|40|50|8|14|20|6|14|23|".32"|".32"|0|0|0|0|0|0|0|0|0|0|1|2|20|22.5|25|||||||5.6|6.7|7.8|||||||||||||||||||||||||||||||||"15420674"|"44677015"
"Btn"||"B"||||25|||56|||||0|0|0|0|0|0|95|97.5|100|95|97.5|100|85|92.5|100|65|80|95||31.1|||2.7|||3.2|||6|||10.6|||8.6|||30.9||||||||35|38|45||||0|1|2||||1.2|1.28|1.35|||||1.59|||0.42|1|1.4|0.16|0.18|0.19|||||33.4|||21.2|||48||6|7.5|8.9|40|50|60|14|24|34|8|20|37|".28"|".28"|0|0|0|0|0|0|5|10|15|4|6|8|25|27.5|30|||||||6.1|7|7.8|||||||||||||||||||||||||||||||||"15420674"|"44677016"
"C"||"C"||||56|||203|||||0|0|0|0|3|5|95|97.5|100|90|95|100|80|90|100|55|72.5|90||34.7|||3.1|||4.4|||6|||10.8|||10.4|||37.8||||||||20|27.5|35||||0|0.5|1||||1.5|1.6|1.7|||||1.84|||0.42|2|4|0.14|0.16|0.18|||||30.9|||18.2|||36||3|4.5|5.9|35|47.5|60|10|22.5|35|3|16|35|".37"|".37"|5|13|20|1|3|5|5|10|15|4|10|16|15|20|25|||||||7.4|8.2|9|||||||||||||||||||||||||||||||||"15420674"|"44677017"
"Ap"||"A"|||0|0|0|18|20|25||20||0|0|0|0|0|0|100|100|100|100|100|100|95|97|100|86|90|93|5|13|16|0|0|1|1|2|2|1|2|2|2|4|5|2|5|6|59|64|70|29|35|38|26|29|30|20|23|26|0|0|0|4|5|8||||1.2|1.25|1.35||||1.31|1.36|1.38||4.23|9.17|14.11|0.22|0.23|0.24||||29.5|31.2|34|14.6|17.2|22|43|47|49|2.3|2.8|3.4|39|44|53|13|14|17|12|15|20|".37"|".37"|0|0|0|0|0|0|0|0|0|0|1|2|17.3|19.7|22.2||||13.8|18.5|30.2|5.6|6.5|7.8||||||||||1.9|6.1|9.8|||||||||||||||||||||"15420675"|"44677018"
"E"||"E"|||18|20|25|35|40|48||20||0|0|0|0|0|0|100|100|100|100|100|100|92|99|100|81|92|97|5|11|35|0|0|2|1|1|3|1|1|7|1|4|12|2|5|11|45|64|70|25|35|40|20|29|30|15|25|30|0|0|0|1|2|3||||1.35|1.4|1.45||||1.47|1.52|1.58||1.41|9.17|14.11|0.18|0.2|0.22||||25.5|30.8|33.2|9.7|16.5|20.5|42|43|45|1.4|2.7|4.2|27|39|46|9|17|21|5|16|23|".49"|".49"|0|0|0|0|0|0|0|0|0|0|1|2|12.9|20.5|24.4||||10.3|19.8|24.4|5.6|6.8|7.3||||||||||1.7|4.3|8.4|||||||||||||||||||||"15420675"|"44677019"
"Bt"||"B"|||35|40|48|84|98|135||58||0|0|0|0|0|0|100|100|100|100|100|100|92|99|100|81|91|98|5|12|35|0|0|2|1|1|3|1|1|7|1|5|12|2|5|11|27|46|55|16|24|30|11|22|25|35|42|48|0|0|0|1|1.5|3||||1.35|1.4|1.5||||1.7|1.75|1.84||0.42|0.92|4.23|0.11|0.13|0.2||||29.5|32|34.5|20.1|24.4|29.3|40|44|46|5.2|7.8|9.6|47|55|64|25|30|35|20|30|40|".32"|".32"|0|0|0|0|0|0|0|0|0|0|1|2|26.8|31.8|36.5||||24.1|29.8|44.5|5.6|7|7.8||||||||||1.9|4.8|9.7|||||||||||||||||||||"15420675"|"44677020"
"2Cg2"|2|"C"||2|102|117|155|200|200|200||83||0|0|0|0|0|1|93|97|100|87|91|100|78|85|96|57|63|72|34|38|42|2|2|3|3|4|5|4|5|7|14|15|18|11|12|15|28|34|40|17|20|22|11|14|18|25|28|30|4|6|8|0|0.25|0.5||||1.4|1.45|1.5||||1.51|1.56|1.59||1.41|2.82|14.11|0.14|0.15|0.16||||27.5|29.7|32.3|14|16.5|18.9|38|41|45|1.6|2.3|2.9|32|36|39|13|16|19|4|7|12|".32"|".32"|1|10|15|0|0|0|0|0|0|0|1|2|14.8|17.1|17.6||||18.6|24|56.6|7.4|7.9|8.4||||||||||0|0.3|1.8|||||||||||||||||||||"15420675"|"44677021"
"Cg1"||"C"||1|84|98|135|102|117|155||19||0|0|0|0|0|0|100|100|100|95|98|100|88|97|100|77|89|97|5|12|35|0|0|2|1|1|3|1|1|7|1|5|12|2|5|11|42|54|60|22|30|35|20|24|25|22|34|42|2|4|6|0|0.25|0.5||||1.35|1.45|1.5||||1.53|1.63|1.77||0.42|2.82|14.11|0.18|0.19|0.2||||27.3|32.6|35.6|12.4|19.8|25|40|42|46|1.6|3.9|6.7|30|43|52|12|22|29|7|20|31|".37"|".37"|2|5|10|0|0|0|0|0|0|0|1|2|14.5|22.4|26.9||||23.9|35.1|65.9|6.6|7.2|8.4||||||||||0|2.8|5|||||||||||||||||||||"15420675"|"44677022"
"A"||"A"||||0|||20|||||0|0|0|0|0|0|95|97.5|100|95|97.5|100|85|90|95|60|72.5|85||41.1|||3.9|||5.4|||7.2|||12.8|||11.8|||36.9||||||||18|22|26||||2|4|6||||1.2|1.25|1.3|||||1.31|||4|9|14|0.18|0.19|0.2|||||29.8|||15.4|||48||0|1.5|2.9|25|32.5|40|10|15|20|3|8|17|".20"|".20"|5|10|15|0|0|0|0|0|0|0|1|2|13|17|21|||||||6.6|7.5|8.4|||||||||||||||||||||||||||||||||"15420676"|"44677023"
"Bk1"||"B"||1||20|||71|||||0|0|0|0|3|5|95|97.5|100|95|97.5|100|85|92.5|100|45|62.5|80||39.1|||3.5|||4.9|||6.8|||12.3|||11.6|||36.9||||||||18|24|30||||1|2|3||||1.2|1.28|1.35|||||1.47|||4|9|14|0.13|0.15|0.17|||||28.7|||14.2|||47||3|4.5|5.9|25|32.5|40|5|12.5|20|0|5|15|".32"|".32"|15|23|30|0|3|5|0|1|1|0|1|2|10|12.5|15|||||||7.4|8.2|9|||||||||||||||||||||||||||||||||"15420676"|"44677024"
"Bk2"||"B"||2||71|||135|||||0|0|0|0|3|5|95|97.5|100|95|97.5|100|85|92.5|100|60|70|80||34.4|||3.1|||4.3|||5.9|||10.8|||10.3|||37.6||||||||18|28|30||||0|0.5|1||||1.25|1.3|1.35|||||1.49|||4|9|14|0.16|0.18|0.2|||||29.5|||15.4|||47||3|4.5|5.9|25|32.5|40|5|12.5|20|0|7|15|".32"|".32"|10|15|20|0|3|5|0|1|2|2|3|4|10|12.5|15|||||||7.4|7.9|8.4|||||||||||||||||||||||||||||||||"15420676"|"44677025"
"C"||"C"||||135|||200|||||0|0|0|0|3|5|90|95|100|80|90|100|65|80|95|40|57.5|75||37.1|||3.3|||4.7|||6.4|||11.6|||11.1|||40.4||||||||15|22.5|30||||0|0.25|0.5||||1.3|1.38|1.45|||||1.45|||1.4|8|14|0.1|0.14|0.18|||||20.8|||12.4|||42||0|1.5|2.9|20|27.5|35|5|10|15|0|3|10|".37"|".37"|5|10|15|0|1|2|0|1|2|2|5|8|9|11.5|14|||||||7.4|7.9|8.4|||||||||||||||||||||||||||||||||"15420676"|"44677026"
"Ap"||"A"|||0|0|0|13|19|20||19||0|0|0|0|0|5|94|96|100|88|92|100|80|85|96|58|63|73|34|38|42|2|2|3|3|4|5|4|5|7|14|15|18|11|12|15|35|40|45|18|20|23|17|20|22|18|22|26|0|1|3|1|2.5|4||||1.4|1.45|1.5||||1.52|1.57|1.59||4.23|9.17|14.11|0.18|0.2|0.22||||24.7|29.1|33.1|10.6|15.3|20.3|36|39|43|0|2.5|2.9|28|37|44|10|14|18|3|7|13|".28"|".28"|1|5|10|0|0|0|0|0|0|0|1|2|15.1|18|19.9||||19.5|24.3|58.9|6.6|7.7|8.4||||||||||0|1.7|5.5|||||||||||||||||||||"15420677"|"44677027"
"Bk"||"B"|||13|19|20|43|84|112||65||0|0|0|0|0|3|95|97|100|90|93|100|81|86|96|59|64|72|34|38|42|2|2|3|3|4|5|4|5|7|14|15|18|11|12|15|28|34|40|17|20|22|11|14|18|25|28|30|2|4|6|0.5|0.75|1||||1.4|1.45|1.5||||1.54|1.59|1.59||1.41|2.82|14.11|0.15|0.17|0.19||||28.1|30.5|32.7|14.7|17.3|19.5|38|41|44|0|2.9|2.9|33|38|41|14|17|20|5|8|13|".32"|".32"|15|20|30|0|0|0|0|0|0|0|1|2|18.3|19.3|19.6||||20.8|57|58.6|7.4|7.9|8.4||||||||||0|0.7|2.2|||||||||||||||||||||"15420677"|"44677028"
"C"||"C"|||43|84|112|200|200|200||116||0|0|0|0|0|1|93|97|100|87|91|100|78|85|96|57|63|72|34|38|42|2|2|3|3|4|5|4|5|7|14|15|18|11|12|15|28|34|40|17|20|22|11|14|18|25|28|30|4|6|8|0|0.25|0.5||||1.4|1.45|1.5||||1.52|1.57|1.59||1.41|2.82|14.11|0.14|0.15|0.16||||27.5|29.7|32.3|14|16.5|18.9|38|41|45|0|2.5|2.9|31|36|39|13|17|19|4|8|12|".32"|".32"|1|10|15|0|0|0|0|0|0|0|1|2|14.8|17.1|17.6||||18.6|24|56.6|7.4|7.9|8.4||||||||||0|0.3|1.8|||||||||||||||||||||"15420677"|"44677029"
"Ap"||"A"|||0|0|0|13|15|20||15||0|0|0|0|0|5|94|96|100|89|93|100|79|86|97|58|64|73|34|38|43|2|2|3|3|4|5|4|5|6|14|15|16|11|12|13|35|40|45|18|20|23|17|20|22|18|22|26|0|0|0|2|3|4||||1.35|1.4|1.45||||1.47|1.52|1.56||4.23|9.17|14.11|0.18|0.2|0.22||||25.6|29.4|32.7|11.6|15.5|19.6|37|41|45|1.8|2.7|3.6|32|38|44|12|15|18|4|7|13|".24"|".24"|0|0|0|0|0|0|0|0|0|0|1|2|15.5|18.9|22.2||||13.7|18|24.7|6.1|6.7|7.3||||||||||2.4|4.7|7.1|||||||||||||||||||||"15420678"|"44677030"
"Bw"||"B"|||13|15|20|31|38|52||23||0|0|0|0|0|3|95|96|100|89|93|100|81|88|100|58|64|77|34|38|47|1|1|1|2|3|3|4|5|8|15|16|19|12|13|16|29|40|45|17|20|23|12|20|22|18|22|30|0|0|0|1|2|3||||1.35|1.4|1.45||||1.47|1.52|1.6||1.41|9.17|14.11|0.15|0.18|0.19||||24.9|28.5|33.2|10.5|14.3|20.5|38|42|45|1.8|2.7|4.4|30|36|46|12|15|21|4|7|16|".32"|".32"|0|0|0|0|0|0|0|0|0|0|1|2|15.1|18.6|25||||13|20.4|33|6.1|7.2|7.8||||||||||0.6|3|7.1|||||||||||||||||||||"15420678"|"44677031"
"Bk"||"B"|||31|38|52|71|110|148||72||0|0|0|0|0|3|95|96|100|89|93|100|77|86|98|55|64|74|34|38|42|2|2|3|3|4|5|4|5|7|14|15|18|11|12|15|29|37|40|17|20|22|12|17|18|18|25|30|2|4|6|0.5|0.75|1||||1.4|1.45|1.5||||1.51|1.56|1.61||1.41|9.17|14.11|0.15|0.18|0.19||||24.6|28.9|32.1|10.2|14.9|18.7|37|41|44|1.3|2.4|3.5|27|35|41|9|15|20|2|7|13|".32"|".32"|5|20|30|0|0|0|0|0|0|0|1|2|13.2|17.1|19.6||||18.6|46.5|58.6|7.4|7.9|8.4||||||||||0|0.5|2.2|||||||||||||||||||||"15420678"|"44677032"
"C"||"C"|||71|110|148|200|200|200||90||0|0|0|0|0|1|93|96|100|86|91|100|77|85|95|57|63|71|34|38|43|2|2|3|3|4|5|4|5|6|14|15|16|11|12|13|29|34|40|17|20|22|12|14|18|25|28|30|4|6|8|0|0.25|0.5||||1.4|1.45|1.5||||1.52|1.57|1.59||1.41|2.82|14.11|0.14|0.15|0.16||||27.3|29.7|32.3|13.9|16.5|18.9|37|41|45|1.8|2.5|3|32|36|39|13|16|19|4|7|12|".32"|".32"|1|10|15|0|0|0|0|0|0|0|1|2|14.8|17.1|17.6||||18.6|24|56.6|7.4|7.9|8.4||||||||||0|0.3|1.8|||||||||||||||||||||"15420678"|"44677033"
"Bw"||"B"|||13|15|20|31|38|52||23||0|0|0|0|0|3|95|96|100|89|93|100|81|88|100|58|64|77|34|38|47|1|1|1|2|3|3|4|5|8|15|16|19|12|13|16|29|40|45|17|20|23|12|20|22|18|22|30|0|0|0|1|2|3||||1.35|1.4|1.45||||1.47|1.52|1.62||1.41|9.17|14.11|0.15|0.18|0.19||||24.9|28.5|33.2|10.5|14.3|20.5|38|42|45|1.8|2.7|4.7|30|36|46|12|15|21|4|7|16|".32"|".32"|0|0|0|0|0|0|0|0|0|0|1|2|15.1|18.6|25||||13|20.4|33|6.1|7.2|7.8||||||||||0.6|3|7.1|||||||||||||||||||||"15420726"|"44677227"
"Bk"||"B"|||31|38|52|71|110|148||72||0|0|0|0|0|3|95|96|100|89|93|100|77|86|98|55|64|74|34|38|42|2|2|3|3|4|5|4|5|7|14|15|18|11|12|15|29|37|40|17|20|22|12|17|18|18|25|30|2|4|6|0.5|0.75|1||||1.4|1.45|1.5||||1.51|1.56|1.63||1.41|9.17|14.11|0.15|0.18|0.19||||24.6|28.9|32.1|10.2|14.9|18.7|37|41|44|1.3|2.4|3.8|27|35|41|9|15|20|2|7|13|".32"|".32"|5|20|30|0|0|0|0|0|0|0|1|2|13.2|17.1|19.6||||18.6|46.5|58.6|7.4|7.9|8.4||||||||||0|0.5|2.2|||||||||||||||||||||"15420726"|"44677228"
"Ap"||"A"|||0|0|0|13|15|20||15||0|0|0|0|0|5|94|96|100|89|93|100|79|86|97|58|64|73|34|38|43|2|2|3|3|4|5|4|5|6|14|15|16|11|12|13|35|40|45|18|20|23|17|20|22|18|22|26|0|0|0|2|3|4||||1.35|1.4|1.45||||1.47|1.52|1.57||4.23|9.17|14.11|0.18|0.2|0.22||||25.6|29.4|32.7|11.6|15.5|19.6|37|41|45|1.8|2.7|3.8|32|38|45|12|15|18|4|7|13|".24"|".24"|0|0|0|0|0|0|0|0|0|0|1|2|15.5|18.9|22.2||||13.7|18|24.7|6.1|6.7|7.3||||||||||2.4|4.7|7.1|||||||||||||||||||||"15420726"|"44677229"
"C"||"C"|||71|110|148|200|200|200||90||0|0|0|0|0|1|93|96|100|86|91|100|77|85|95|57|63|71|34|38|43|2|2|3|3|4|5|4|5|6|14|15|16|11|12|13|29|34|40|17|20|22|12|14|18|25|28|30|4|6|8|0|0.25|0.5||||1.4|1.45|1.5||||1.52|1.57|1.6||1.41|2.82|14.11|0.14|0.15|0.16||||27.3|29.7|32.3|13.9|16.5|18.9|37|41|45|1.5|2.5|3.2|32|36|39|13|16|19|4|7|12|".32"|".32"|1|10|15|0|0|0|0|0|0|0|1|2|14.8|17.1|17.6||||18.6|24|56.6|7.4|7.9|8.4||||||||||0|0.3|1.8|||||||||||||||||||||"15420726"|"44677230"
"Ap"||"A"|||0|0|0|15|18|20||18||0|0|0|0|0|0|100|100|100|100|100|100|92|94|96|67|70|73|32|37|43|1|2|3|2|3|5|4|5|6|14|15|16|11|12|13|29|34|40|17|20|22|12|14|18|28|29|32|0|0|0|4|5|8||||1.25|1.35|1.45||||1.43|1.53|1.55||1.41|2.82|4.23|0.17|0.18|0.19||||33.3|34.3|36.8|20.6|22.4|27.5|40|43|47|4|4.2|4.8|46|49|59|19|20|22|4|7|13|".24"|".24"|0|0|0|0|0|0|0|0|0|0|1|2|23.2|24.1|26.6||||19.7|22.5|26.1|6.1|6.7|7.3||||||||||3.9|6|9|||||||||||||||||||||"15420727"|"44677231"
"2Cg"|2|"C"|||80|144|192|200|200|200||56||0|0|0|0|0|1|95|96|100|88|93|100|79|86|95|58|64|71|34|38|43|2|2|3|3|4|5|4|5|6|14|15|16|11|12|13|29|34|40|17|20|22|12|14|18|25|28|30|4|6|8|0|0.25|0.5||||1.4|1.45|1.5||||1.52|1.57|1.6||1.41|2.82|14.11|0.14|0.15|0.16||||27.7|30.1|32.3|14.1|16.7|18.9|38|41|45|1.7|2.6|3.3|32|36|39|13|16|19|4|7|12|".32"|".32"|1|10|15|0|1|3|0|0|0|0|1|4|15.1|17.2|17.6||||24.3|102.7|108.2|7.4|7.9|8.4||||||||||0|0.3|1.8|||||||||||||||||||||"15420727"|"44677232"
"Bt"||"B"|||27|41|51|57|91|127||50||0|0|0|0|0|0|100|100|100|100|100|100|91|95|100|71|77|82|22|28|40|1|1|3|2|3|4|3|4|6|11|12|17|7|8|8|22|30|43|18|19|29|11|11|27|35|42|45|0|0|0|1|1.5|3||||1.35|1.4|1.45||||1.72|1.77|1.82||0.42|0.92|4.23|0.09|0.11|0.19||||29.5|37.3|38|20.1|24.4|27.8|42|44|46|6.2|8.2|9.2|47|56|62|25|30|33|28|37|48|".24"|".24"|0|0|0|0|0|0|0|0|0|0|1|2|26.8|31.8|34.5||||24.8|29.8|34.4|6.1|7|7.3||||||||||3.3|4.8|8.1|||||||||||||||||||||"15420727"|"44677233"
"Bk"||"B"|||57|91|127|80|144|192||53||0|0|0|0|0|0|100|100|100|100|100|100|91|93|95|66|69|72|34|38|43|2|2|3|3|4|5|4|5|6|14|15|16|11|12|13|29|34|40|17|20|22|12|14|18|25|28|30|2|4|6|0.5|0.75|1||||1.35|1.4|1.45||||1.48|1.53|1.56||1.41|2.82|14.11|0.15|0.18|0.19||||30|31.3|32.3|15.3|17.4|18.9|42|44|46|2.4|3.1|3.7|34|38|41|14|17|20|2|7|13|".32"|".32"|5|20|30|0|0|0|0|0|0|0|1|2|18.3|19.2|19.4||||20.7|51.6|58.4|6.6|7.9|8.4||||||||||0|0.7|4.4|||||||||||||||||||||"15420727"|"44677234"
"A"||"A"|||15|18|20|27|41|51||23||0|0|0|0|0|0|100|100|100|100|100|100|91|93|95|66|69|72|34|38|43|2|2|3|3|4|5|4|5|6|14|15|16|11|12|13|29|34|40|17|20|22|12|14|18|25|28|32|0|0|0|4|5|8||||1.2|1.25|1.3||||1.36|1.41|1.44||1.41|2.82|14.11|0.17|0.18|0.22||||31.5|33.1|35.9|17.6|20.2|25.5|45|47|49|3.4|4|4.8|44|48|59|17|18|22|4|7|13|".24"|".24"|0|0|0|0|0|0|0|0|0|0|1|2|21|23.3|26.6||||18.1|21.7|26.1|6.1|6.7|7.3||||||||||3.7|5.9|9|||||||||||||||||||||"15420727"|"44677235"
"C"||"C"|||43|65|138|200|200|200||135||0|0|0|0|0|1|93|96|100|86|91|100|77|85|95|57|63|71|34|38|42|2|2|3|3|4|5|4|5|7|14|15|18|11|12|15|28|34|40|17|20|22|11|14|18|25|28|30|4|6|8|0|0.25|0.5||||1.4|1.45|1.5||||1.52|1.57|1.6||1.41|2.82|14.11|0.14|0.15|0.16||||27.3|29.7|32.3|13.9|16.5|18.9|37|41|45|1.5|2.5|3.2|32|36|39|13|16|19|4|7|12|".32"|".32"|1|10|15|0|1|3|0|2|8|0|3|8|14.8|17.1|17.6||||24|102.6|108.2|7.4|7.9|8.4||||||||||0|0.3|1.8|||||||||||||||||||||"15420728"|"44677236"
"Ap"||"A"|||0|0|0|18|20|38||20||0|0|0|0|0|5|94|96|100|89|93|100|79|86|97|58|64|73|34|38|42|2|2|3|3|4|5|4|5|7|14|15|18|11|12|15|35|40|45|18|20|23|17|20|22|18|22|26|0|1|3|3|4|5||||1.35|1.4|1.45||||1.46|1.51|1.56||4.23|9.17|14.11|0.2|0.21|0.22||||26.5|30.2|33.4|12.7|16.8|20.8|37|41|44|1.6|2.5|3.5|34|40|47|10|14|18|3|7|13|".24"|".24"|1|5|10|0|0|0|0|1|2|0|1|2|15.8|18.3|20||||19.8|25|59|6.6|7.7|8.4||||||||||0|2.3|5.8|||||||||||||||||||||"15420728"|"44677237"
"Bk"||"B"|||18|20|38|43|65|138||45||0|0|0|0|0|3|95|96|100|89|93|100|80|86|95|59|64|71|34|38|42|2|2|3|3|4|5|4|5|7|14|15|18|11|12|15|28|34|40|17|20|22|11|14|18|25|28|30|2|4|6|0.5|1|2||||1.4|1.45|1.5||||1.54|1.59|1.63||1.41|2.82|14.11|0.15|0.17|0.19||||27.9|30.7|33.4|14.6|17.6|20.8|37|41|44|2.2|3.1|3.8|34|38|43|14|17|20|5|8|13|".32"|".32"|15|20|30|0|0|0|0|1|2|0|2|4|18.3|19.6|20.1||||57|58.6|67.5|7.4|7.9|9||||||||||0|0.8|2.6|||||||||||||||||||||"15420728"|"44677238"
"Bw"||"B"|||28|30|38|61|71|109||41||0|0|0|0|0|3|95|96|100|89|93|100|81|88|100|58|64|77|34|38|47|1|1|1|2|3|3|4|5|8|15|16|19|12|13|16|29|40|45|17|20|23|12|20|22|18|22|30|0|0|0|1|2|3||||1.35|1.4|1.45||||1.47|1.52|1.62||1.41|9.17|14.11|0.15|0.18|0.19||||24.9|28.5|33.2|10.5|14.3|20.5|38|42|45|1.8|2.7|4.7|30|36|46|12|15|21|4|7|16|".32"|".32"|0|0|0|0|0|0|0|0|0|0|1|2|15.1|18.6|25||||13|20.4|33|6.1|7.2|7.8||||||||||0.6|3|7.1|||||||||||||||||||||"15420729"|"44677239"
"Ap"||"A"|||0|0|0|13|15|20||15||0|0|0|0|0|5|94|96|100|89|93|100|79|86|97|58|64|73|34|38|43|2|2|3|3|4|5|4|5|6|14|15|16|11|12|13|35|40|45|18|20|23|17|20|22|18|22|26|0|0|0|2|3|4||||1.35|1.4|1.45||||1.47|1.52|1.57||4.23|9.17|14.11|0.18|0.2|0.22||||25.6|29.4|32.7|11.6|15.5|19.6|37|41|45|1.8|2.7|3.8|32|38|45|12|15|18|4|7|13|".24"|".24"|0|0|0|0|0|0|0|0|0|0|1|2|15.5|18.9|22.2||||13.7|18|24.7|6.1|6.7|7.3||||||||||2.4|4.7|7.1|||||||||||||||||||||"15420729"|"44677240"
"A"||"A"|||13|15|20|28|30|38||15||0|0|0|0|0|5|94|96|100|89|92|100|79|86|97|57|64|73|34|38|43|2|2|3|3|4|5|4|5|6|14|15|16|11|12|13|35|40|45|18|20|23|17|20|22|18|22|26|0|0|0|2|3|4||||1.25|1.35|1.45||||1.37|1.47|1.52||4.23|9.17|14.11|0.18|0.2|0.22||||25.3|28.9|32.3|11.2|14.9|18.9|37|43|48|1.8|2.7|3.8|32|38|45|12|15|18|4|7|13|".32"|".32"|0|0|0|0|0|0|0|0|0|0|1|2|15.5|18.9|22.2||||13.7|18|24.7|6.1|6.7|7.3||||||||||2.4|4.7|7.1|||||||||||||||||||||"15420729"|"44677241"
"Bk"||"B"|||61|71|109|71|122|195||51||0|0|0|0|0|3|95|96|100|89|93|100|77|86|98|55|64|74|34|38|42|2|2|3|3|4|5|4|5|7|14|15|18|11|12|15|29|37|40|17|20|22|12|17|18|18|25|30|2|4|6|0.5|0.75|1||||1.4|1.45|1.5||||1.51|1.56|1.63||1.41|9.17|14.11|0.15|0.18|0.19||||24.6|28.9|32.1|10.2|14.9|18.7|37|41|44|1.3|2.4|3.8|27|35|41|9|15|20|2|7|13|".32"|".32"|5|20|30|0|0|0|0|0|0|0|1|2|13.2|17.1|19.6||||18.6|46.5|58.6|7.4|7.9|8.4||||||||||0|0.5|2.2|||||||||||||||||||||"15420729"|"44677242"
"C"||"C"|||71|122|195|200|200|200||78||0|0|0|0|0|1|93|96|100|86|91|100|77|85|95|57|63|71|34|38|43|2|2|3|3|4|5|4|5|6|14|15|16|11|12|13|29|34|40|17|20|22|12|14|18|25|28|30|4|6|8|0|0.25|0.5||||1.4|1.45|1.5||||1.52|1.57|1.6||1.41|2.82|14.11|0.14|0.15|0.16||||27.3|29.7|32.3|13.9|16.5|18.9|37|41|45|1.5|2.5|3.2|32|36|39|13|16|19|4|7|12|".32"|".32"|1|10|15|0|0|0|0|0|0|0|1|2|14.8|17.1|17.6||||18.6|24|56.6|7.4|7.9|8.4||||||||||0|0.3|1.8|||||||||||||||||||||"15420729"|"44677243"
"E"||"E"|||18|20|25|35|40|48||20||0|0|0|0|0|0|100|100|100|100|100|100|92|99|100|81|92|97|5|11|35|0|0|2|1|1|3|1|1|7|1|4|12|2|5|11|45|64|70|25|35|40|20|29|30|15|25|30|0|0|0|1|2|3||||1.35|1.4|1.45||||1.5|1.55|1.59||1.41|9.17|14.11|0.18|0.2|0.22||||25.5|30.8|33.2|9.7|16.5|20.5|42|43|45|1.4|3.4|4.4|27|39|46|9|17|21|5|16|23|".49"|".49"|0|0|0|0|0|0|0|0|0|0|1|2|12.9|20.5|24.4||||10.3|19.8|24.4|5.6|6.8|7.3||||||||||1.7|4.3|8.4|||||||||||||||||||||"15420730"|"44677244"
"Cg1"||"C"||1|84|98|135|102|117|155||19||0|0|0|0|0|0|100|100|100|95|98|100|88|97|100|77|89|97|5|12|35|0|0|2|1|1|3|1|1|7|1|5|12|2|5|11|42|54|60|22|30|35|20|24|25|22|34|42|2|4|6|0|0.25|0.5||||1.35|1.45|1.5||||1.54|1.64|1.78||0.42|2.82|14.11|0.18|0.19|0.2||||27.3|32.6|35.6|12.4|19.8|25|40|42|46|1.7|4.2|7|30|43|52|12|22|29|7|20|31|".37"|".37"|2|5|10|0|0|0|0|0|0|0|1|2|14.5|22.4|26.9||||23.9|35.1|65.9|6.6|7.2|8.4||||||||||0|2.8|5|||||||||||||||||||||"15420730"|"44677245"
"2Cg2"|2|"C"||2|102|117|155|200|200|200||83||0|0|0|0|0|1|93|97|100|87|91|100|78|85|96|57|63|72|34|38|42|2|2|3|3|4|5|4|5|7|14|15|18|11|12|15|28|34|40|17|20|22|11|14|18|25|28|30|4|6|8|0|0.25|0.5||||1.4|1.45|1.5||||1.52|1.57|1.61||1.41|2.82|14.11|0.14|0.15|0.16||||27.5|29.7|32.3|14|16.5|18.9|38|41|45|1.7|2.6|3.3|32|36|39|13|16|19|4|7|12|".32"|".32"|1|10|15|0|0|0|0|0|0|0|1|2|14.8|17.1|17.6||||18.6|24|56.6|7.4|7.9|8.4||||||||||0|0.3|1.8|||||||||||||||||||||"15420730"|"44677246"
"Bt"||"B"|||35|40|48|84|98|135||58||0|0|0|0|0|0|100|100|100|100|100|100|92|99|100|81|91|98|5|12|35|0|0|2|1|1|3|1|1|7|1|5|12|2|5|11|27|46|55|16|24|30|11|22|25|35|42|48|0|0|0|1|1.5|3||||1.35|1.4|1.5||||1.72|1.77|1.86||0.42|0.92|4.23|0.11|0.13|0.2||||29.5|32|34.5|20.1|24.4|29.3|40|44|46|6.2|8.2|10|47|56|65|25|30|35|20|30|40|".32"|".32"|0|0|0|0|0|0|0|0|0|0|1|2|26.8|31.8|36.5||||24.1|29.8|44.5|5.6|7|7.8||||||||||1.9|4.8|9.7|||||||||||||||||||||"15420730"|"44677247"
"Ap"||"A"|||0|0|0|18|20|25||20||0|0|0|0|0|0|100|100|100|100|100|100|95|97|100|86|90|93|5|13|16|0|0|1|1|2|2|1|2|2|2|4|5|2|5|6|59|64|70|29|35|38|26|29|30|20|23|26|0|0|0|4|5|8||||1.2|1.25|1.35||||1.32|1.37|1.39||4.23|9.17|14.11|0.22|0.23|0.24||||29.5|31.2|34|14.6|17.2|22|43|47|49|2.5|3.1|3.7|39|44|53|13|14|17|12|15|20|".37"|".37"|0|0|0|0|0|0|0|0|0|0|1|2|17.3|19.7|22.2||||13.8|18.5|30.2|5.6|6.5|7.8||||||||||1.9|6.1|9.8|||||||||||||||||||||"15420730"|"44677248"
"Cyz"||"C"|||45|102|152|200|200|200||98||0|0|0|0|0|1|93|96|100|86|91|100|77|85|95|57|63|71|34|38|42|2|2|3|3|4|5|4|5|6|14|15|16|11|12|12|28|34|41|17|20|23|11|14|18|25|28|30|4|6|8|0|0.25|0.5||||1.4|1.45|1.5||||1.52|1.57|1.61||1.41|2.82|14.11|0.14|0.15|0.19||||27.3|29.7|32.3|13.9|16.5|18.9|37|40|44|1.7|2.6|3.3|32|36|39|13|16|19|4|7|12|".32"|".32"|1|10|15|1|3|5|5|10|12|2|6|8|15.1|17.2|17.6||||100.6|107.8|118.3|7.4|8|9||||||||||0|0|1.8|||||||||||||||||||||"15420731"|"44677249"
"E"||"E"|||10|15|20|15|25|35||10||0|0|0|0|0|0|100|100|100|100|100|100|97|100|100|88|93|98|8|13|19|0|0|0|0|0|0|1|1|1|1|1|2|6|11|16|55|63|71|30|35|39|25|28|32|21|24|26|0|0|0|1|2|3||||1.35|1.4|1.45||||1.49|1.54|1.56||4.23|9.17|14.11|0.2|0.22|0.24||||28.3|30.4|31.9|13|16|18.3|42|43|45|2.6|3.2|3.6|33|38|42|14|16|18|11|15|19|".43"|".43"|0|0|0|0|0|0|0|1|2|0|1|2|17.3|19.8|21.5||||16.1|19|21.3|6.1|7|7.3||||||||||2.2|3.7|6.7|||||||||||||||||||||"15420731"|"44677250"
"Btn"||"B"|||20|32|45|35|72|95||40||0|0|0|0|0|0|100|100|100|94|96|100|91|95|100|76|79|94|15|27|36|0|0|1|0|1|4|1|2|4|3|8|8|11|16|21|28|35|49|15|19|28|13|16|21|36|38|50|0|0|0|1|1.5|2||||1.35|1.4|1.5||||1.67|1.72|1.9||0.01|0.21|0.42|0.09|0.17|0.2||||33.1|34.4|38.7|21.6|23.6|31.6|39|43|46|6.3|7|10.5|48|51|65|26|28|37|19|22|40|".37"|".37"|0|0|0|0|0|0|2|4|8|2|3|4|27.5|29.2|37.3||||25.5|28.6|49.4|6.1|7.2|7.8||||||||||2|4|8.1|||||||||||||||||||||"15420731"|"44677251"
"B/E"||"B/E"|||15|25|35|20|32|45||7||0|0|0|0|0|0|100|100|100|100|100|100|95|100|100|85|92|99|8|15|30|0|0|0|0|0|0|1|1|1|1|1|8|6|13|21|42|53|60|24|28|32|18|25|30|28|32|38|0|0|0|1|1.5|2||||1.35|1.4|1.45||||1.56|1.61|1.72||1.41|2.82|4.23|0.15|0.19|0.2||||31|32.8|34.9|16.9|19.8|23.7|42|44|46|3.9|4.7|7.2|40|45|53|19|22|27|16|22|31|".49"|".49"|0|0|0|0|0|0|0|1|2|0|1|2|22.1|25.2|29.5||||21.1|24.5|29.4|6.1|7|7.3||||||||||2.7|4.1|7.2|||||||||||||||||||||"15420731"|"44677252"
"Ap"||"A"|||0|0|0|10|15|20||15||0|0|0|0|0|0|100|100|100|100|100|100|97|100|100|88|93|98|8|13|19|0|0|0|0|0|0|1|1|1|1|1|2|6|11|16|55|63|71|30|35|39|25|28|32|21|24|26|0|0|0|2|3.5|5||||1.3|1.4|1.45||||1.44|1.54|1.56||4.23|9.17|14.11|0.2|0.22|0.24||||29.3|31.6|33.4|14.3|17.9|20.8|41|42|46|2.6|3.2|3.6|35|42|47|14|16|18|12|16|21|".37"|".37"|0|0|0|0|0|0|0|1|2|0|1|2|17.7|20.2|21.9||||14.9|19.8|21.4|5.6|7|7.3||||||||||2.6|4.2|8.8|||||||||||||||||||||"15420731"|"44677253"
"Bkyz"||"B"|||35|72|95|45|102|152||30||0|0|0|0|0|0|95|96|100|85|91|100|80|90|100|65|73|93|15|30|36|0|0|1|0|1|4|1|3|4|3|8|8|11|18|21|28|38|49|15|20|28|13|18|21|28|32|45|2|4|6|0.5|0.75|1||||1.4|1.45|1.5||||1.58|1.63|1.85||0.42|2.82|4.23|0.1|0.16|0.2||||28.8|31.5|37.3|16.1|19.4|28.6|37|40|44|2.8|3.7|8|37|42|56|17|21|32|9|14|33|".37"|".37"|5|20|30|1|3|5|5|10|12|8|10|16|20.3|21.9|29.4||||105.8|112.5|130.1|7.4|8|9||||||||||0|0.7|3.3|||||||||||||||||||||"15420731"|"44677254"
"C"||"C"|||71|110|148|200|200|200||90||0|0|0|0|0|1|93|96|100|86|91|100|77|85|95|57|63|71|34|38|43|2|2|3|3|4|5|4|5|6|14|15|16|11|12|13|29|34|40|17|20|22|12|14|18|25|28|30|4|6|8|0|0.25|0.5||||1.4|1.45|1.5||||1.52|1.57|1.59||1.41|2.82|14.11|0.14|0.15|0.16||||27.3|29.7|32.3|13.9|16.5|18.9|37|41|45|1.8|2.5|3|32|36|39|13|16|19|4|7|12|".32"|".32"|1|10|15|0|0|0|0|0|0|0|1|2|14.8|17.1|17.6||||18.6|24|56.6|7.4|7.9|8.4||||||||||0|0.3|1.8|||||||||||||||||||||"15420685"|"44677058"
"Ap"||"A"|||0|0|0|13|15|20||15||0|0|0|0|0|5|94|96|100|89|93|100|79|86|97|58|64|73|34|38|43|2|2|3|3|4|5|4|5|6|14|15|16|11|12|13|35|40|45|18|20|23|17|20|22|18|22|26|0|0|0|2|3|4||||1.35|1.4|1.45||||1.47|1.52|1.56||4.23|9.17|14.11|0.18|0.2|0.22||||25.6|29.4|32.7|11.6|15.5|19.6|37|41|45|1.8|2.7|3.6|32|38|44|12|15|18|4|7|13|".24"|".24"|0|0|0|0|0|0|0|0|0|0|1|2|15.5|18.9|22.2||||13.7|18|24.7|6.1|6.7|7.3||||||||||2.4|4.7|7.1|||||||||||||||||||||"15420685"|"44677059"
"Bw"||"B"|||13|15|20|31|38|52||23||0|0|0|0|0|3|95|96|100|89|93|100|81|88|100|58|64|77|34|38|47|1|1|1|2|3|3|4|5|8|15|16|19|12|13|16|29|40|45|17|20|23|12|20|22|18|22|30|0|0|0|1|2|3||||1.35|1.4|1.45||||1.47|1.52|1.6||1.41|9.17|14.11|0.15|0.18|0.19||||24.9|28.5|33.2|10.5|14.3|20.5|38|42|45|1.8|2.7|4.4|30|36|46|12|15|21|4|7|16|".32"|".32"|0|0|0|0|0|0|0|0|0|0|1|2|15.1|18.6|25||||13|20.4|33|6.1|7.2|7.8||||||||||0.6|3|7.1|||||||||||||||||||||"15420685"|"44677060"
"Bk"||"B"|||31|38|52|71|110|148||72||0|0|0|0|0|3|95|96|100|89|93|100|77|86|98|55|64|74|34|38|42|2|2|3|3|4|5|4|5|7|14|15|18|11|12|15|29|37|40|17|20|22|12|17|18|18|25|30|2|4|6|0.5|0.75|1||||1.4|1.45|1.5||||1.51|1.56|1.61||1.41|9.17|14.11|0.15|0.18|0.19||||24.6|28.9|32.1|10.2|14.9|18.7|37|41|44|1.3|2.4|3.5|27|35|41|9|15|20|2|7|13|".32"|".32"|5|20|30|0|0|0|0|0|0|0|1|2|13.2|17.1|19.6||||18.6|46.5|58.6|7.4|7.9|8.4||||||||||0|0.5|2.2|||||||||||||||||||||"15420685"|"44677061"
"Bw"||"B"|||28|30|38|61|71|109||41||0|0|0|0|0|3|95|96|100|89|93|100|81|88|100|58|64|77|34|38|47|1|1|1|2|3|3|4|5|8|15|16|19|12|13|16|29|40|45|17|20|23|12|20|22|18|22|30|0|0|0|1|2|3||||1.35|1.4|1.45||||1.47|1.52|1.6||1.41|9.17|14.11|0.15|0.18|0.19||||24.9|28.5|33.2|10.5|14.3|20.5|38|42|45|1.8|2.7|4.4|30|36|46|12|15|21|4|7|16|".32"|".32"|0|0|0|0|0|0|0|0|0|0|1|2|15.1|18.6|25||||13|20.4|33|6.1|7.2|7.8||||||||||0.6|3|7.1|||||||||||||||||||||"15420686"|"44677062"
"Bk"||"B"|||61|71|109|71|122|195||51||0|0|0|0|0|3|95|96|100|89|93|100|77|86|98|55|64|74|34|38|42|2|2|3|3|4|5|4|5|7|14|15|18|11|12|15|29|37|40|17|20|22|12|17|18|18|25|30|2|4|6|0.5|0.75|1||||1.4|1.45|1.5||||1.51|1.56|1.61||1.41|9.17|14.11|0.15|0.18|0.19||||24.6|28.9|32.1|10.2|14.9|18.7|37|41|44|1.3|2.4|3.5|27|35|41|9|15|20|2|7|13|".32"|".32"|5|20|30|0|0|0|0|0|0|0|1|2|13.2|17.1|19.6||||18.6|46.5|58.6|7.4|7.9|8.4||||||||||0|0.5|2.2|||||||||||||||||||||"15420686"|"44677063"
"C"||"C"|||71|122|195|200|200|200||78||0|0|0|0|0|1|93|96|100|86|91|100|77|85|95|57|63|71|34|38|43|2|2|3|3|4|5|4|5|6|14|15|16|11|12|13|29|34|40|17|20|22|12|14|18|25|28|30|4|6|8|0|0.25|0.5||||1.4|1.45|1.5||||1.52|1.57|1.59||1.41|2.82|14.11|0.14|0.15|0.16||||27.3|29.7|32.3|13.9|16.5|18.9|37|41|45|1.8|2.5|3|32|36|39|13|16|19|4|7|12|".32"|".32"|1|10|15|0|0|0|0|0|0|0|1|2|14.8|17.1|17.6||||18.6|24|56.6|7.4|7.9|8.4||||||||||0|0.3|1.8|||||||||||||||||||||"15420686"|"44677064"
"A"||"A"|||13|15|20|28|30|38||15||0|0|0|0|0|5|94|96|100|89|92|100|79|86|97|57|64|73|34|38|43|2|2|3|3|4|5|4|5|6|14|15|16|11|12|13|35|40|45|18|20|23|17|20|22|18|22|26|0|0|0|2|3|4||||1.25|1.35|1.45||||1.37|1.47|1.51||4.23|9.17|14.11|0.18|0.2|0.22||||25.3|28.9|32.3|11.2|14.9|18.9|37|43|48|1.8|2.7|3.6|32|38|44|12|15|18|4|7|13|".32"|".32"|0|0|0|0|0|0|0|0|0|0|1|2|15.5|18.9|22.2||||13.7|18|24.7|6.1|6.7|7.3||||||||||2.4|4.7|7.1|||||||||||||||||||||"15420686"|"44677065"
"Ap"||"A"|||0|0|0|13|15|20||15||0|0|0|0|0|5|94|96|100|89|93|100|79|86|97|58|64|73|34|38|43|2|2|3|3|4|5|4|5|6|14|15|16|11|12|13|35|40|45|18|20|23|17|20|22|18|22|26|0|0|0|2|3|4||||1.35|1.4|1.45||||1.47|1.52|1.56||4.23|9.17|14.11|0.18|0.2|0.22||||25.6|29.4|32.7|11.6|15.5|19.6|37|41|45|1.8|2.7|3.6|32|38|44|12|15|18|4|7|13|".24"|".24"|0|0|0|0|0|0|0|0|0|0|1|2|15.5|18.9|22.2||||13.7|18|24.7|6.1|6.7|7.3||||||||||2.4|4.7|7.1|||||||||||||||||||||"15420686"|"44677066"
"Bt"||"B"||||38|||76|||||0|0|0|0|0|0|100|100|100|95|97.5|100|90|95|100|70|80|90||31.1|||2.7|||3.2|||6|||10.6|||8.6|||30.9||||||||35|38|45||||1|2|3||||1.25|1.35|1.45|||||1.68|||0.42|2|4|0.11|0.14|0.17|||||34.6|||23.5|||45||6|7.5|8.9|40|47.5|55|15|22.5|30|9|18|30|".24"|".24"|0|0|0|0|0|0|0|0|0|0|1|2|20|25|30|||||||6.1|6.7|7.3|||||||||||||||||||||||||||||||||"15420687"|"44677067"
"Bk"||"B"||||76|||150|||||0|0|0|0|0|0|95|97.5|100|95|97.5|100|85|92.5|100|60|70|80||33.5|||3|||4.2|||5.8|||10.5|||10|||36.5||||||||25|30|35||||0.5|0.75|1||||1.5|1.6|1.7|||||1.83|||0.42|2|4|0.16|0.18|0.2|||||33.1|||20.9|||37||3|4.5|5.9|30|37.5|45|10|17.5|25|3|10|19|".32"|".32"|1|11|20|0|1|2|0|1|1|0|2|4|15|17.5|20|||||||6.6|7.5|8.4|||||||||||||||||||||||||||||||||"15420687"|"44677068"
"A"||"A"||||0|||38|||||0|0|0|0|0|0|100|100|100|100|100|100|90|95|100|60|72.5|85||38.5|||3.4|||4.9|||6.7|||12.1|||11.4|||36.5||||||||23|25|27||||3|4.5|6||||1.15|1.2|1.25|||||1.37|||4|9|14|0.18|0.19|0.2|||||31|||16.9|||50||3|4.5|5.9|30|40|50|10|15|20|3|10|19|".20"|".20"|0|0|0|0|0|0|0|0|0|0|1|2|15|22.5|30|||||||6.1|6.7|7.3|||||||||||||||||||||||||||||||||"15420687"|"44677069"
"2C"|2|"C"||||150|||200|||||0|0|0|0|3|5|95|97.5|100|95|97.5|100|85|92.5|100|60|70|80||33.5|||3|||4.2|||5.8|||10.5|||10|||36.5||||||||25|30|35||||0|0.25|0.5||||1.5|1.6|1.7|||||1.83|||0.42|2|4|0.16|0.18|0.2|||||32.1|||19.8|||36||3|4.5|5.9|30|37.5|45|10|17.5|25|3|10|19|".32"|".32"|1|6|10|1|3|5|0|1|2|2|5|8|10|15|20|||||||7.4|7.9|8.4|||||||||||||||||||||||||||||||||"15420687"|"44677070"
"C"||"C"|||43|84|112|200|200|200||116||0|0|0|0|0|1|93|97|100|87|91|100|78|85|96|57|63|72|34|38|42|2|2|3|3|4|5|4|5|7|14|15|18|11|12|15|28|34|40|17|20|22|11|14|18|25|28|30|4|6|8|0|0.25|0.5||||1.4|1.45|1.5||||1.52|1.57|1.59||1.41|2.82|14.11|0.14|0.15|0.16||||27.5|29.7|32.3|14|16.5|18.9|38|41|45|1.8|2.5|3|32|36|39|13|16|19|4|8|12|".32"|".32"|1|10|15|0|0|0|0|0|0|0|1|2|14.8|17.1|17.6||||18.6|24|56.6|7.4|7.9|8.4||||||||||0|0.3|1.8|||||||||||||||||||||"15420688"|"44677071"
"Ap"||"A"|||0|0|0|13|19|20||19||0|0|0|0|0|5|94|96|100|88|92|100|80|85|96|58|63|73|34|38|42|2|2|3|3|4|5|4|5|7|14|15|18|11|12|15|35|40|45|18|20|23|17|20|22|18|22|26|0|1|3|1|2.5|4||||1.4|1.45|1.5||||1.52|1.57|1.59||4.23|9.17|14.11|0.18|0.2|0.22||||24.7|29.1|33.1|10.6|15.3|20.3|36|39|43|1.6|2.5|3.3|29|37|44|10|14|18|3|7|13|".28"|".28"|1|5|10|0|0|0|0|0|0|0|1|2|15.1|18|19.9||||19.5|24.3|58.9|6.6|7.7|8.4||||||||||0|1.7|5.5|||||||||||||||||||||"15420688"|"44677072"
"Bk"||"B"|||13|19|20|43|84|112||65||0|0|0|0|0|3|95|97|100|90|93|100|81|86|96|59|64|72|34|38|42|2|2|3|3|4|5|4|5|7|14|15|18|11|12|15|28|34|40|17|20|22|11|14|18|25|28|30|2|4|6|0.5|0.75|1||||1.4|1.45|1.5||||1.54|1.59|1.59||1.41|2.82|14.11|0.15|0.17|0.19||||28.1|30.5|32.7|14.7|17.3|19.5|38|41|44|2.3|2.9|3.5|34|38|41|14|17|20|5|8|13|".32"|".32"|15|20|30|0|0|0|0|0|0|0|1|2|18.3|19.3|19.6||||20.8|57|58.6|7.4|7.9|8.4||||||||||0|0.7|2.2|||||||||||||||||||||"15420688"|"44677073"
"A"||"A"|||0|0|0|13|19|20||19||0|0|0|0|0|5|94|96|100|88|92|100|80|85|96|58|63|73|34|38|42|2|2|3|3|4|5|4|5|7|14|15|18|11|12|15|35|40|45|18|20|23|17|20|22|18|22|26|0|1|3|1|2.5|4||||1.4|1.45|1.5||||1.52|1.57|1.59||4.23|9.17|14.11|0.18|0.2|0.22||||24.7|29.1|33.1|10.6|15.3|20.3|36|39|43|0|2.5|2.9|28|37|44|10|14|18|3|7|13|".28"|".28"|1|5|10|0|0|0|0|0|0|0|1|2|15.1|18|19.9||||19.5|24.3|58.9|6.6|7.7|8.4||||||||||0|1.7|5.5|||||||||||||||||||||"15420689"|"44677074"
"Bk"||"B"|||13|19|20|43|84|112||65||0|0|0|0|0|3|95|97|100|90|93|100|81|86|96|59|64|72|34|38|42|2|2|3|3|4|5|4|5|7|14|15|18|11|12|15|28|34|40|17|20|22|11|14|18|25|28|30|2|4|6|0.5|0.75|1||||1.4|1.45|1.5||||1.54|1.59|1.59||1.41|2.82|14.11|0.15|0.17|0.19||||28.1|30.5|32.7|14.7|17.3|19.5|38|41|44|0|2.9|2.9|33|38|41|14|17|20|5|8|13|".32"|".32"|15|20|30|0|0|0|0|0|0|0|1|2|18.3|19.3|19.6||||20.8|57|58.6|7.4|7.9|8.4||||||||||0|0.7|2.2|||||||||||||||||||||"15420689"|"44677075"
"C"||"C"|||43|84|112|200|200|200||116||0|0|0|0|0|1|93|97|100|87|91|100|78|85|96|57|63|72|34|38|42|2|2|3|3|4|5|4|5|7|14|15|18|11|12|15|28|34|40|17|20|22|11|14|18|25|28|30|4|6|8|0|0.25|0.5||||1.4|1.45|1.5||||1.52|1.57|1.59||1.41|2.82|14.11|0.14|0.15|0.16||||27.5|29.7|32.3|14|16.5|18.9|38|41|45|0|2.5|2.9|31|36|39|13|17|19|4|8|12|".32"|".32"|1|10|15|0|0|0|0|0|0|0|1|2|14.8|17.1|17.6||||18.6|24|56.6|7.4|7.9|8.4||||||||||0|0.3|1.8|||||||||||||||||||||"15420689"|"44677076"
"Cg1"||"C"||1|84|98|135|102|117|155||19||0|0|0|0|0|0|100|100|100|95|98|100|88|97|100|77|89|97|5|12|35|0|0|2|1|1|3|1|1|7|1|5|12|2|5|11|42|54|60|22|30|35|20|24|25|22|34|42|2|4|6|0|0.25|0.5||||1.35|1.45|1.5||||1.53|1.63|1.77||0.42|2.82|14.11|0.18|0.19|0.2||||27.3|32.6|35.6|12.4|19.8|25|40|42|46|1.6|3.9|6.7|30|43|52|12|22|29|7|20|31|".37"|".37"|2|5|10|0|0|0|0|0|0|0|1|2|14.5|22.4|26.9||||23.9|35.1|65.9|6.6|7.2|8.4||||||||||0|2.8|5|||||||||||||||||||||"15420690"|"44677077"
"2Cg2"|2|"C"||2|102|117|155|200|200|200||83||0|0|0|0|0|1|93|97|100|87|91|100|78|85|96|57|63|72|34|38|42|2|2|3|3|4|5|4|5|7|14|15|18|11|12|15|28|34|40|17|20|22|11|14|18|25|28|30|4|6|8|0|0.25|0.5||||1.4|1.45|1.5||||1.51|1.56|1.59||1.41|2.82|14.11|0.14|0.15|0.16||||27.5|29.7|32.3|14|16.5|18.9|38|41|45|1.6|2.3|2.9|32|36|39|13|16|19|4|7|12|".32"|".32"|1|10|15|0|0|0|0|0|0|0|1|2|14.8|17.1|17.6||||18.6|24|56.6|7.4|7.9|8.4||||||||||0|0.3|1.8|||||||||||||||||||||"15420690"|"44677078"
"E"||"E"|||18|20|25|35|40|48||20||0|0|0|0|0|0|100|100|100|100|100|100|92|99|100|81|92|97|5|11|35|0|0|2|1|1|3|1|1|7|1|4|12|2|5|11|45|64|70|25|35|40|20|29|30|15|25|30|0|0|0|1|2|3||||1.35|1.4|1.45||||1.47|1.52|1.58||1.41|9.17|14.11|0.18|0.2|0.22||||25.5|30.8|33.2|9.7|16.5|20.5|42|43|45|1.4|2.7|4.2|27|39|46|9|17|21|5|16|23|".49"|".49"|0|0|0|0|0|0|0|0|0|0|1|2|12.9|20.5|24.4||||10.3|19.8|24.4|5.6|6.8|7.3||||||||||1.7|4.3|8.4|||||||||||||||||||||"15420690"|"44677079"
"Bt"||"B"|||35|40|48|84|98|135||58||0|0|0|0|0|0|100|100|100|100|100|100|92|99|100|81|91|98|5|12|35|0|0|2|1|1|3|1|1|7|1|5|12|2|5|11|27|46|55|16|24|30|11|22|25|35|42|48|0|0|0|1|1.5|3||||1.35|1.4|1.5||||1.7|1.75|1.84||0.42|0.92|4.23|0.11|0.13|0.2||||29.5|32|34.5|20.1|24.4|29.3|40|44|46|5.2|7.8|9.6|47|55|64|25|30|35|20|30|40|".32"|".32"|0|0|0|0|0|0|0|0|0|0|1|2|26.8|31.8|36.5||||24.1|29.8|44.5|5.6|7|7.8||||||||||1.9|4.8|9.7|||||||||||||||||||||"15420690"|"44677080"
"Ap"||"A"|||0|0|0|18|20|25||20||0|0|0|0|0|0|100|100|100|100|100|100|95|97|100|86|90|93|5|13|16|0|0|1|1|2|2|1|2|2|2|4|5|2|5|6|59|64|70|29|35|38|26|29|30|20|23|26|0|0|0|4|5|8||||1.2|1.25|1.35||||1.31|1.36|1.38||4.23|9.17|14.11|0.22|0.23|0.24||||29.5|31.2|34|14.6|17.2|22|43|47|49|2.3|2.8|3.4|39|44|53|13|14|17|12|15|20|".37"|".37"|0|0|0|0|0|0|0|0|0|0|1|2|17.3|19.7|22.2||||13.8|18.5|30.2|5.6|6.5|7.8||||||||||1.9|6.1|9.8|||||||||||||||||||||"15420690"|"44677081"
"H1"||"H"||1||0|||41|||||0|0|0|0|0|0|100|100|100|100|100|100|95|97.5|100|80|90|100||24.5|||1.9|||2.8|||3.9|||7.7|||8.2|||52||||||||20|23.5|27||||4|6|8||||1.1|1.18|1.25|||||1.35|||4|9|14|0.19|0.21|0.22|||||31.4|||17.5|||50||3|4.5|5.9|27|38.5|50|8|14|20|4|13|24|".28"|".28"|0|0|0|0|0|0|0|0|0|0|1|2|17|23.5|30|||||||5.6|6.5|7.3|||||||||||||||||||||||||||||||||"15420589"|"44676672"
"H2"||"H"||2||41|||58|||||0|0|0|0|0|0|95|97.5|100|95|97.5|100|90|95|100|80|90|100||19.7|||1.1|||1.9|||1.8|||6.3|||8.6|||54.3||||||||25|26|35||||1|2|3||||1.15|1.2|1.25|||||1.37|||1.4|3|4|0.19|0.21|0.22|||||29.1|||14.5|||51||3|4.5|5.9|30|40|50|10|17.5|25|6|16|29|".43"|".43"|0|0|0|0|0|0|0|0|0|0|1|2|14|19|24|||||||5.6|6.5|7.3|||||||||||||||||||||||||||||||||"15420589"|"44676673"
"H3"||"H"||3||58|||130|||||0|0|0|0|0|0|95|97.5|100|95|97.5|100|85|92.5|100|65|82.5|100||5.5|||0.2|||0.3|||0.6|||1.7|||2.7|||47||||||||35|47.5|60||||1|2|3||||1.2|1.28|1.35|||||1.59|||0.42|1|1.4|0.13|0.16|0.19|||||32.8|||26.5|||48||6|7.5|8.9|40|55|70|15|25|35|8|23|44|".28"|".28"|0|3|5|0|0|0|0|0|0|0|1|2|21|28|35|||||||6.1|7|7.8|||||||||||||||||||||||||||||||||"15420589"|"44676674"
"H4"||"H"||4||130|||152|||||0|0|0|0|0|0|95|97.5|100|95|97.5|100|80|90|100|55|75|95||18.4|||1.3|||2|||2.9|||5.8|||6.4|||43.6||||||||30|38|50||||0|0.5|1||||1.35|1.43|1.5|||||1.78|||0.42|2|4|0.11|0.14|0.17|||||33.8|||22|||43||6|7.5|8.9|30|45|60|11|20.5|30|3|15|34|".32"|".32"|0|5|10|0|1|2|0|1|1|2|5|8|16|21|26|||||||6.6|7.5|8.4|||||||||||||||||||||||||||||||||"15420589"|"44676675"
"H2"||"H"||2||28|||97|||||0|0|0|0|0|0|100|100|100|95|97.5|100|90|95|100|70|80|90||30.3|||2.4|||3|||5.8|||10.5|||8.6|||30.7||||||||35|39|45||||1|2|3||||1.25|1.35|1.45|||||1.68|||0.42|2|4|0.11|0.14|0.17|||||34.9|||24.1|||45||6|7.5|8.9|40|47.5|55|15|22.5|30|9|18|30|".24"|".24"|0|0|0|0|0|0|0|0|0|0|1|2|20|25|30|||||||6.1|6.7|7.3|||||||||||||||||||||||||||||||||"15420590"|"44676676"
"H3"||"H"||3||97|||135|||||0|0|0|0|0|0|95|97.5|100|95|97.5|100|85|92.5|100|60|70|80||38|||3.4|||4.8|||6.6|||11.9|||11.3|||36||||||||25|26|35||||0.5|0.75|1||||1.5|1.6|1.7|||||1.83|||0.42|2|4|0.16|0.18|0.2|||||31.1|||17.4|||37||3|4.5|5.9|30|37.5|45|10|17.5|25|3|10|19|".37"|".37"|1|6|10|0|1|2|0|1|1|0|2|4|15|17.5|20|||||||6.6|7.5|8.4|||||||||||||||||||||||||||||||||"15420590"|"44676677"
"H4"||"H"||4||135|||152||||||||0|3|5|95|97.5|100|95|97.5|100|85|92.5|100|60|70|80||38|||3.4|||4.8|||6.6|||11.9|||11.3|||36||||||||25|26|35||||0|0.25|0.5||||1.5|1.6|1.7|||||1.83|||0.42|2|4|0.16|0.18|0.2|||||30|||16.4|||36||3|4.5|5.9|30|37.5|45|10|17.5|25|3|10|19|".37"|".37"|1|6|10|1|3|5|0|1|2|2|5|8|10|15|20|||||||7.4|7.9|8.4|||||||||||||||||||||||||||||||||"15420590"|"44676678"
"H1"||"H"||1||0|||28|||||0|0|0|0|0|0|100|100|100|100|100|100|90|95|100|60|72.5|85||38.5|||3.4|||4.9|||6.7|||12.1|||11.4|||36.5||||||||23|25|27||||3|4.5|6||||1.15|1.2|1.25|||||1.37|||4|9|14|0.18|0.19|0.2|||||31|||16.9|||50||3|4.5|5.9|30|40|50|10|15|20|3|10|19|".20"|".20"|0|0|0|0|0|0|0|0|0|0|1|2|15|22.5|30|||||||6.1|6.7|7.3|||||||||||||||||||||||||||||||||"15420590"|"44676679"
"H4"||"H"||4||94|||152||||||||0|3|5|95|97.5|100|95|97.5|100|85|92.5|100|60|75|90||34.4|||3.1|||4.3|||5.9|||10.8|||10.3|||37.6||||||||18|28|30||||0|0.25|0.5||||1.25|1.3|1.35|||||1.49|||1.4|8|14|0.16|0.18|0.2|||||29.3|||15.1|||47||3|4.5|5.9|30|37.5|45|10|16|22|3|11|21|".32"|".32"|10|15|20|0|1|1|0|1|1|0|4|8|10|15|20|||||||7.4|7.9|8.4|||||||||||||||||||||||||||||||||"15420591"|"44676680"
"H1"||"H"||1||0|||33|||||0|0|0|0|0|0|100|100|100|95|97.5|100|75|87.5|100|50|65|80||39.2|||3.5|||5|||6.8|||12.3|||11.6|||37.3||||||||20|23.5|27||||4|5|6||||1.15|1.23|1.3|||||1.29|||4|9|14|0.17|0.18|0.19|||||30.8|||16.9|||48||0|1.5|2.9|25|32.5|40|5|12.5|20|0|6|15|".20"|".20"|0|0|0|0|0|0|0|0|0|0|1|2|25|27.5|30|||||||5.6|6.5|7.3|||||||||||||||||||||||||||||||||"15420591"|"44676681"
"H2"||"H"||2||33|||69|||||0|0|0|0|0|0|100|100|100|95|97.5|100|85|92.5|100|60|75|90||39.1|||3.5|||4.9|||6.8|||12.3|||11.6|||36.9||||||||18|24|30||||0.5|1.25|2||||1.2|1.28|1.35|||||1.46|||4|9|14|0.18|0.2|0.22|||||28.5|||13.6|||48||3|4.5|5.9|30|40|50|10|17.5|25|3|12|25|".32"|".32"|0|0|0|0|0|0|0|0|0|0|1|2|15|20|25|||||||6.1|7|7.8|||||||||||||||||||||||||||||||||"15420591"|"44676682"
"H3"||"H"||3||69|||94||||||||0|3|5|95|97.5|100|95|97.5|100|85|92.5|100|60|75|90||34.4|||3.1|||4.3|||5.9|||10.8|||10.3|||37.6||||||||18|28|30||||0|0.5|1||||1.25|1.3|1.35|||||1.49|||1.4|8|14|0.16|0.18|0.2|||||29.5|||15.4|||47||3|4.5|5.9|30|37.5|45|10|16|22|3|11|21|".32"|".32"|10|15|20|0|1|2|0|1|2|0|2|4|10|15|20|||||||7.4|7.9|8.4|||||||||||||||||||||||||||||||||"15420591"|"44676683"
"H2"||"H"||2||15|||38|||||0|0|0|0|3|5|95|97.5|100|90|95|100|80|90|100|55|70|85||34.4|||3.1|||4.3|||5.9|||10.8|||10.3|||37.6||||||||20|28|30||||1|2|3||||1.25|1.33|1.4|||||1.53|||4|9|14|0.16|0.18|0.2|||||30.4|||17.3|||45||3|4.5|5.9|30|37.5|45|10|15|20|3|9|18|".28"|".28"|0|3|5|0|0|0|0|0|0|0|1|2|14|18|22|||||||6.1|7|7.8|||||||||||||||||||||||||||||||||"15420592"|"44676684"
"H3"||"H"||3||38|||109|||||0|1|1|0|3|5|95|97.5|100|90|95|100|80|90|100|55|70|85||34.4|||3.1|||4.3|||5.9|||10.8|||10.3|||37.6||||||||20|28|30||||0|0.5|1||||1.25|1.33|1.4|||||1.53|||4|9|14|0.16|0.18|0.2|||||29.2|||15.5|||45||3|4.5|5.9|30|37.5|45|10|15|20|3|9|18|".32"|".32"|1|6|10|0|1|1|0|0|0|0|2|4|14|18|22|||||||7.4|7.9|8.4|||||||||||||||||||||||||||||||||"15420592"|"44676685"
"H4"||"H"||4||109|||152|||||0|2|3|0|3|5|95|97.5|100|90|95|100|80|90|100|55|70|85||34.4|||3.1|||4.3|||5.9|||10.8|||10.3|||37.6||||||||20|28|30||||0|0.25|0.5||||1.5|1.6|1.7|||||1.84|||1.4|3|4|0.16|0.18|0.2|||||30.5|||18|||35||3|4.5|5.9|30|37.5|45|10|15|20|3|9|18|".37"|".37"|1|6|10|0|1|2|0|0|0|2|5|8|14|18|22|||||||7.4|8.2|9|||||||||||||||||||||||||||||||||"15420592"|"44676686"
"H1"||"H"||1||0|||15|||||0|0|0|0|3|5|95|97.5|100|95|97.5|100|85|92.5|100|55|70|85||39.2|||3.5|||5|||6.8|||12.3|||11.6|||37.3||||||||20|23.5|27||||2|3|4||||1.2|1.25|1.3|||||1.31|||4|9|14|0.17|0.18|0.19|||||29.1|||14.7|||48||0|1.5|2.9|25|32.5|40|5|12.5|20|0|7|17|".24"|".24"|0|0|0|0|0|0|0|0|0|0|1|2|16|19|22|||||||6.1|6.7|7.3|||||||||||||||||||||||||||||||||"15420592"|"44676687"
"H1"||"H"||1||0|||15|||||0|0|0|0|0|0|100|100|100|90|95|100|80|90|100|60|72.5|85||39.8|||3.6|||5|||6.9|||12.5|||11.8|||37.7||||||||18|22.5|27||||4|5|6||||1.2|1.25|1.3|||||1.31|||4|9|14|0.18|0.2|0.22|||||30.3|||16.5|||47||0|1.5|2.9|30|37.5|45|5|12.5|20|1|8|18|".20"|".20"|0|0|0|0|0|0|0|0|0|0|1|2|17|21.5|26|||||||6.1|6.7|7.3|||||||||||||||||||||||||||||||||"15420609"|"44676744"
"H2"||"H"||2||15|||102|||||0|0|0|0|0|0|100|100|100|90|95|100|80|90|100|60|72.5|85||39.1|||3.5|||4.9|||6.8|||12.3|||11.6|||36.9||||||||18|24|30||||3|4|5||||1.2|1.28|1.35|||||1.47|||4|9|14|0.18|0.2|0.22|||||30.3|||16.5|||46||3|4.5|5.9|35|40|45|10|15|20|4|10|18|".28"|".28"|0|0|0|0|0|0|0|0|0|0|1|2|10|12.5|15|||||||6.1|7|7.8|||||||||||||||||||||||||||||||||"15420609"|"44676745"
"H3"||"H"||3||102|||152|||||0|0|0|0|0|0|100|100|100|95|97.5|100|85|92.5|100|55|72.5|90||39.8|||3.6|||5|||6.9|||12.5|||11.8|||37.7||||||||18|22.5|27||||0|1|2||||1.25|1.33|1.4|||||1.39|||4|9|14|0.18|0.19|0.2|||||28.1|||13|||46||0|1.5|2.9|30|37.5|45|10|15|20|3|9|19|".37"|".37"|5|10|15|0|3|5|0|0|0|0|2|4|9|11.5|14|||||||7.4|7.9|8.4|||||||||||||||||||||||||||||||||"15420609"|"44676746"
"H1"||"H"||1||0|||41|||||0|0|0|0|0|0|100|100|100|100|100|100|95|97.5|100|80|90|100||24.5|||1.9|||2.8|||3.9|||7.7|||8.2|||52||||||||20|23.5|27||||4|6|8||||1.1|1.18|1.25|||||1.35|||4|9|14|0.19|0.21|0.22|||||31.4|||17.5|||50||3|4.5|5.9|27|38.5|50|8|14|20|4|13|24|".28"|".28"|0|0|0|0|0|0|0|0|0|0|1|2|17|23.5|30|||||||5.6|6.5|7.3|||||||||||||||||||||||||||||||||"15420610"|"44676747"
"H2"||"H"||2||41|||58|||||0|0|0|0|0|0|95|97.5|100|95|97.5|100|90|95|100|80|90|100||19.7|||1.1|||1.9|||1.8|||6.3|||8.6|||54.3||||||||25|26|35||||1|2|3||||1.15|1.2|1.25|||||1.37|||1.4|3|4|0.19|0.21|0.22|||||29.1|||14.5|||51||3|4.5|5.9|30|40|50|10|17.5|25|6|16|29|".43"|".43"|0|0|0|0|0|0|0|0|0|0|1|2|14|19|24|||||||5.6|6.5|7.3|||||||||||||||||||||||||||||||||"15420610"|"44676748"
"H3"||"H"||3||58|||130|||||0|0|0|0|0|0|95|97.5|100|95|97.5|100|85|92.5|100|65|82.5|100||5.5|||0.2|||0.3|||0.6|||1.7|||2.7|||47||||||||35|47.5|60||||1|2|3||||1.2|1.28|1.35|||||1.59|||0.42|1|1.4|0.13|0.16|0.19|||||32.8|||26.5|||48||6|7.5|8.9|40|55|70|15|25|35|8|23|44|".28"|".28"|0|3|5|0|0|0|0|0|0|0|1|2|21|28|35|||||||6.1|7|7.8|||||||||||||||||||||||||||||||||"15420610"|"44676749"
"H4"||"H"||4||130|||152|||||0|0|0|0|0|0|95|97.5|100|95|97.5|100|80|90|100|55|75|95||18.4|||1.3|||2|||2.9|||5.8|||6.4|||43.6||||||||30|38|50||||0|0.5|1||||1.35|1.43|1.5|||||1.78|||0.42|2|4|0.11|0.14|0.17|||||33.8|||22|||43||6|7.5|8.9|30|45|60|11|20.5|30|3|15|34|".32"|".32"|0|5|10|0|1|2|0|1|1|2|5|8|16|21|26|||||||6.6|7.5|8.4|||||||||||||||||||||||||||||||||"15420610"|"44676750"
"H2"||"H"||2||20|||76|||||0|0|0|0|0|0|95|97.5|100|95|97.5|100|85|92.5|100|60|75|90||39.1|||3.5|||4.9|||6.8|||12.3|||11.6|||36.9||||||||18|24|30||||1|2.5|4||||1.2|1.28|1.35|||||1.46|||4|9|14|0.18|0.2|0.22|||||29.5|||15|||48||3|4.5|5.9|30|40|50|10|17.5|25|3|12|25|".28"|".28"|0|0|0|0|0|0|0|0|0|0|1|2|10|15|20|||||||6.1|7|7.8|||||||||||||||||||||||||||||||||"15420611"|"44676751"
"H3"||"H"||3||76|||132|||||0|0|0|0|3|5|95|97.5|100|95|97.5|100|85|92.5|100|60|75|90||38.5|||3.4|||4.9|||6.7|||12.1|||11.4|||36.5||||||||18|25|30||||0.5|1.25|2||||1.25|1.3|1.35|||||1.49|||1.4|8|14|0.16|0.18|0.2|||||28.6|||14.1|||47||3|4.5|5.9|30|37.5|45|10|17.5|25|3|12|23|".32"|".32"|10|15|20|0|1|2|0|1|2|0|2|4|10|15|20|||||||7.4|7.9|8.4|||||||||||||||||||||||||||||||||"15420611"|"44676752"
"H4"||"H"||4||132|||152|||||0|0|0|0|3|5|95|97.5|100|95|97.5|100|85|92.5|100|60|75|90||38.5|||3.4|||4.9|||6.7|||12.1|||11.4|||36.5||||||||18|25|30||||0|0.25|0.5||||1.25|1.3|1.35|||||1.49|||1.4|8|14|0.16|0.18|0.2|||||27.7|||12.9|||47||3|4.5|5.9|30|37.5|45|10|17.5|25|3|12|23|".32"|".32"|10|15|20|0|1|1|0|1|1|0|4|8|10|12.5|15|||||||7.4|7.9|8.4|||||||||||||||||||||||||||||||||"15420611"|"44676753"
"H1"||"H"||1||0|||20|||||0|0|0|0|0|0|100|100|100|95|97.5|100|75|87.5|100|50|70|90||39.2|||3.5|||5|||6.8|||12.3|||11.6|||37.3||||||||20|23.5|27||||4|5|6||||1.15|1.23|1.3|||||1.29|||4|9|14|0.18|0.19|0.2|||||30.8|||16.9|||48||0|1.5|2.9|25|32.5|40|5|12.5|20|0|7|18|".20"|".20"|0|0|0|0|0|0|0|0|0|0|1|2|15|20|25|||||||5.6|6.5|7.3|||||||||||||||||||||||||||||||||"15420611"|"44676754"
"H1"||"H"||1||0|||20|||||0|0|0|0|3|5|95|97.5|100|95|97.5|100|90|95|100|85|92.5|100||34.2|||3.1|||4.3|||5.9|||10.7|||10.2|||37.3||||||||27|28.5|30||||1|2|3||||1.2|1.25|1.3|||||1.43|||4|9|14|0.19|0.21|0.22|||||30.4|||16.7|||48||3|4.5|5.9|30|35|40|10|12.5|15|7|12|17|".24"|".24"|5|10|15|0|0|0|0|0|0|0|1|2|13|18|23|||||||6.6|7.5|8.4|||||||||||||||||||||||||||||||||"15420612"|"44676755"
"H2"||"H"||2||20|||46|||||0|2|3|0|3|5|95|97.5|100|90|95|100|80|90|100|55|67.5|80||34.4|||3.1|||4.3|||5.9|||10.8|||10.3|||37.6||||||||18|28|30||||0.5|0.75|1||||1.3|1.38|1.45|||||1.59|||4|9|14|0.16|0.18|0.2|||||29.5|||16.2|||43||3|4.5|5.9|30|40|50|10|17.5|25|3|10|21|".32"|".32"|15|25|35|0|0|0|0|0|0|0|1|2|10|12.5|15|||||||7.4|7.9|8.4|||||||||||||||||||||||||||||||||"15420612"|"44676756"
"H3"||"H"||3||46|||81|||||0|2|3|0|3|5|90|95|100|85|92.5|100|75|87.5|100|50|72.5|95||34.4|||3.1|||4.3|||5.9|||10.8|||10.3|||37.6||||||||18|28|30||||0|0.25|0.5||||1.45|1.58|1.7|||||1.82|||4|8|14|0.16|0.18|0.2|||||29.8|||17.5|||35||3|4.5|5.9|28|36.5|45|8|14|20|1|9|21|".32"|".32"|10|18|25|0|1|2|0|1|2|2|3|4|10|12.5|15|||||||7.4|8|8.4|||||||||||||||||||||||||||||||||"15420612"|"44676757"
"H4"||"H"||4||81|||152|||||0|2|3|0|3|5|90|95|100|85|92.5|100|75|87.5|100|50|72.5|95||34.4|||3.1|||4.3|||5.9|||10.8|||10.3|||37.6||||||||18|28|30||||0|0.25|0.5||||1.45|1.58|1.7|||||1.82|||1.4|8|14|0.16|0.18|0.2|||||29.8|||17.5|||35||3|4.5|5.9|28|36.5|45|8|14|20|1|9|21|".32"|".32"|10|18|25|0|2|5|0|1|2|2|3|4|10|12.5|15|||||||7.4|8|9|||||||||||||||||||||||||||||||||"15420612"|"44676758"
"H1"||"H"||1||0|||15|||||0|0|0|0|3|5|95|97.5|100|95|97.5|100|85|92.5|100|55|70|85||39.2|||3.5|||5|||6.8|||12.3|||11.6|||37.3||||||||20|23.5|27||||2|3|4||||1.2|1.25|1.3|||||1.31|||4|9|14|0.17|0.18|0.19|||||29.1|||14.7|||48||0|1.5|2.9|25|32.5|40|5|12.5|20|0|7|17|".24"|".24"|0|0|0|0|0|0|0|0|0|0|1|2|16|19|22|||||||6.1|6.7|7.3|||||||||||||||||||||||||||||||||"15420613"|"44676759"
"H2"||"H"||2||15|||38|||||0|0|0|0|3|5|95|97.5|100|90|95|100|80|90|100|55|70|85||34.4|||3.1|||4.3|||5.9|||10.8|||10.3|||37.6||||||||20|28|30||||1|2|3||||1.25|1.33|1.4|||||1.53|||4|9|14|0.16|0.18|0.2|||||30.4|||17.3|||45||3|4.5|5.9|30|37.5|45|10|15|20|3|9|18|".28"|".28"|0|3|5|0|0|0|0|0|0|0|1|2|14|18|22|||||||6.1|7|7.8|||||||||||||||||||||||||||||||||"15420613"|"44676760"
"H3"||"H"||3||38|||109|||||0|1|1|0|3|5|95|97.5|100|90|95|100|80|90|100|55|70|85||34.4|||3.1|||4.3|||5.9|||10.8|||10.3|||37.6||||||||20|28|30||||0|0.5|1||||1.25|1.33|1.4|||||1.53|||4|9|14|0.16|0.18|0.2|||||29.2|||15.5|||45||3|4.5|5.9|30|37.5|45|10|15|20|3|9|18|".32"|".32"|1|6|10|0|1|1|0|0|0|0|2|4|14|18|22|||||||7.4|7.9|8.4|||||||||||||||||||||||||||||||||"15420613"|"44676761"
"H4"||"H"||4||109|||152|||||0|2|3|0|3|5|95|97.5|100|90|95|100|80|90|100|55|70|85||34.4|||3.1|||4.3|||5.9|||10.8|||10.3|||37.6||||||||20|28|30||||0|0.25|0.5||||1.5|1.6|1.7|||||1.84|||1.4|3|4|0.16|0.18|0.2|||||30.5|||18|||35||3|4.5|5.9|30|37.5|45|10|15|20|3|9|18|".37"|".37"|1|6|10|0|1|2|0|0|0|2|5|8|14|18|22|||||||7.4|8.2|9|||||||||||||||||||||||||||||||||"15420613"|"44676762"
"Bk"||"B"|||36|48|53|74|107|112||59||0|0|0|0|0|3|95|97|100|90|93|100|81|86|96|59|64|72|34|38|42|2|2|3|3|4|5|4|5|7|14|15|18|11|12|15|28|34|40|17|20|22|11|14|18|25|28|30|2|4|6|0.5|0.75|1||||1.4|1.45|1.5||||1.54|1.59|1.59||1.41|2.82|14.11|0.15|0.17|0.19||||28.1|30.5|32.7|14.7|17.3|19.5|38|41|44|2.3|2.9|3.5|34|38|41|14|17|20|5|8|13|".32"|".32"|5|20|30|0|0|0|0|0|0|0|1|2|18.3|19.3|19.6||||20.8|51.6|58.6|7.4|7.9|8.4||||||||||0|0.7|2.2|||||||||||||||||||||"15420657"|"44676927"
"C"||"C"|||74|107|112|200|200|200||93||0|0|0|0|0|1|93|97|100|87|91|100|78|85|96|57|63|72|34|38|42|2|2|3|3|4|5|4|5|7|14|15|18|11|12|15|28|34|40|17|20|22|11|14|18|25|28|30|4|6|8|0|0.25|0.5||||1.4|1.45|1.5||||1.52|1.57|1.59||1.41|2.82|14.11|0.14|0.15|0.16||||27.5|29.7|32.3|14|16.5|18.9|38|41|45|1.8|2.5|3|32|36|39|13|16|19|5|8|13|".32"|".32"|1|10|15|0|0|0|0|0|0|0|1|2|14.8|17.1|17.6||||18.6|24|56.6|7.4|7.9|8.4||||||||||0|0.3|1.8|||||||||||||||||||||"15420657"|"44676928"
"Ap"||"A"|||0|0|0|13|15|20||15||0|0|0|0|0|5|94|96|100|88|92|100|80|85|96|58|63|73|34|38|42|2|2|3|3|4|5|4|5|7|14|15|18|11|12|15|35|40|45|18|20|23|17|20|22|18|22|26|0|0|0|2|3|4||||1.4|1.4|1.45||||1.4|1.52|1.53||4.23|9.17|14.11|0.18|0.2|0.22||||25.4|29.2|32.7|11.5|15.4|19.6|37|41|43|1.8|2.7|3.6|32|38|44|12|15|18|3|8|13|".28"|".28"|0|0|0|0|0|0|0|0|0|0|1|2|15.5|18.9|22.2||||13.7|18|24.7|6.1|6.7|7.3||||||||||2.4|4.7|7.1|||||||||||||||||||||"15420657"|"44676929"
"Bt"||"B"|||13|15|20|36|48|53||33||0|0|0|0|0|5|94|96|100|89|93|100|81|86|96|59|64|73|34|38|42|2|2|3|3|4|5|4|5|7|14|15|18|11|12|15|28|30|37|17|18|20|11|12|20|29|32|34|0|0|0|1|2|3||||1.35|1.4|1.45||||1.56|1.61|1.67||1.41|2.82|4.23|0.15|0.17|0.19||||29.1|32.3|34.9|16.7|20.4|23.6|38|42|45|3.6|4.5|5.2|41|46|50|20|22|24|9|10|18|".28"|".28"|0|0|0|0|0|0|0|0|0|0|1|2|23.2|26|27.9||||22.3|25.5|35.9|6.6|7.2|7.8||||||||||1.5|3.8|6|||||||||||||||||||||"15420657"|"44676930"
"Ap"||"A"|||0|0|0|10|15|20||15||0|0|0|0|0|0|100|100|100|100|100|100|97|100|100|88|93|98|8|13|19|0|0|0|0|0|0|1|1|1|1|1|2|6|11|16|55|63|71|30|35|39|25|28|32|21|24|26|0|0|0|2|3.5|5||||1.3|1.4|1.45||||1.43|1.53|1.55||4.23|9.17|14.11|0.2|0.22|0.24||||29.3|31.6|33.4|14.3|17.9|20.8|41|42|46|2.4|3|3.4|35|41|46|14|16|18|12|16|21|".37"|".37"|0|0|0|0|0|0|0|1|2|0|1|2|17.7|20.2|21.9||||14.9|19.8|21.4|5.6|7|7.3||||||||||2.6|4.2|8.8|||||||||||||||||||||"15420658"|"44676931"
"E"||"E"|||10|15|20|13|20|28||5||0|0|0|0|0|0|100|100|100|100|100|100|97|100|100|88|93|98|8|13|19|0|0|0|0|0|0|1|1|1|1|1|2|6|11|16|55|63|71|30|35|39|25|28|32|21|24|26|0|0|0|1|2|4||||1.35|1.4|1.45||||1.48|1.53|1.55||4.23|9.17|14.11|0.2|0.22|0.24||||28.3|30.4|32.7|13|16|19.6|42|43|45|2.4|2.9|3.4|33|38|44|14|16|18|11|15|20|".43"|".43"|0|0|0|0|0|0|0|2|4|0|1|2|17.3|19.8|21.7||||14.8|19|21.5|5.6|7|7.3||||||||||2.2|3.7|8.4|||||||||||||||||||||"15420658"|"44676932"
"Btn1"||"B"||1|13|20|28|18|30|41||10||0|0|0|0|0|0|100|100|100|94|96|100|91|95|100|76|79|94|15|27|36|0|0|1|0|1|4|1|2|4|3|8|8|11|16|21|28|35|49|15|19|28|13|16|21|36|38|50|0|0|0|1|1.5|2||||1.35|1.4|1.45||||1.66|1.71|1.88||0.01|0.21|0.42|0.09|0.17|0.2||||33.1|34.4|38.7|21.6|23.6|31.6|41|43|46|6.1|6.7|10.1|48|51|64|26|28|36|19|22|39|".37"|".37"|0|0|0|0|0|0|8|15|18|0|1|4|27.5|29.2|37.3||||25.5|28.6|49.4|6.1|7.2|7.8||||||||||2|4|8.1|||||||||||||||||||||"15420658"|"44676933"
"Btn2"||"B"||2|18|30|41|36|55|89||25||0|0|0|0|0|0|100|100|100|94|96|100|91|95|100|76|79|94|15|27|36|0|0|1|0|1|4|1|2|4|3|8|8|11|16|21|28|35|49|15|19|28|13|16|21|36|38|50|0|0|0|1|1.5|2||||1.35|1.4|1.5||||1.66|1.71|1.88||0.01|0.21|0.42|0.09|0.17|0.2||||33.1|34.4|38.7|21.6|23.6|31.6|39|43|46|6.1|6.7|10.1|48|51|64|26|28|36|19|22|39|".37"|".37"|0|0|0|0|0|0|13|15|20|4|6|8|27.5|29.2|37.3||||25.4|28.6|57.7|6.6|7.2|8.4||||||||||0.3|4|6.7|||||||||||||||||||||"15420658"|"44676934"
"Bkyz"||"B"|||36|55|89|46|80|149||25||0|0|0|0|0|0|95|96|100|85|91|100|82|90|100|68|75|94|15|27|36|0|0|1|0|1|4|1|2|4|3|8|8|11|16|21|28|35|49|15|19|28|13|16|21|36|38|50|2|4|6|0.5|0.75|1||||1.35|1.4|1.5||||1.6|1.65|1.83||0.42|2.82|4.23|0.1|0.16|0.2||||31|33|38.2|19.9|22.1|30.5|37|42|46|4.9|5.4|8.8|45|48|61|23|25|36|14|18|38|".32"|".32"|5|20|30|1|3|5|5|10|12|8|10|16|25.6|25.9|32.7||||111.1|116.5|133.4|7.4|8|9||||||||||0|1.2|3.7|||||||||||||||||||||"15420658"|"44676935"
"Cyz"||"C"|||46|80|149|200|200|200||120||0|0|0|0|0|1|93|96|100|86|91|100|77|85|95|57|63|71|34|38|42|2|2|3|3|4|5|4|5|6|14|15|16|11|12|12|28|34|41|17|20|23|11|14|18|25|28|30|4|6|8|0|0.25|0.5||||1.4|1.45|1.5||||1.51|1.56|1.59||1.41|2.82|14.11|0.14|0.15|0.19||||27.3|29.7|32.3|13.9|16.5|18.9|37|40|44|1.6|2.3|2.9|32|36|39|13|16|19|4|7|12|".32"|".32"|1|10|15|1|3|5|5|10|12|4|6|8|15.1|17.2|17.6||||100.6|107.8|118.3|7.4|8|9||||||||||0|0|1.8|||||||||||||||||||||"15420658"|"44676936"
"E"||"E"|||0|0|0|3|8|13||8||0|0|0|0|0|0|100|100|100|100|100|100|97|100|100|88|93|98|8|13|19|0|0|0|0|0|0|1|1|1|1|1|2|6|11|16|55|63|71|30|35|39|25|28|32|21|24|26|0|0|0|1|2|4||||1.35|1.4|1.45||||1.48|1.53|1.55||4.23|9.17|14.11|0.2|0.22|0.24||||28.3|30.4|32.7|13|16|19.6|42|43|45|2.4|2.9|3.4|33|38|44|14|16|18|11|15|20|".43"|".43"|0|0|0|0|0|0|2|6|9|0|1|4|17.3|19.8|21.7||||14.8|19|21.5|5.6|7|7.3||||||||||2.2|3.7|8.4|||||||||||||||||||||"15420659"|"44676937"
"Btn1"||"B"||1|3|8|13|8|16|23||8||0|0|0|0|0|0|100|100|100|94|96|100|91|95|100|76|79|94|15|27|36|0|0|1|0|1|4|1|2|4|3|8|8|11|16|21|28|35|49|15|19|28|13|16|21|36|38|50|0|0|0|1|1.5|2||||1.35|1.4|1.45||||1.66|1.71|1.88||0.01|0.21|0.42|0.09|0.17|0.2||||33.1|34.4|38.7|21.6|23.6|31.6|41|43|46|6.1|6.7|10.1|48|51|64|26|28|36|19|22|39|".37"|".37"|0|0|0|0|0|0|13|15|25|0|1|4|27.5|29.2|37.3||||25.4|30.7|49.4|6.6|7.6|8.4||||||||||0.3|2.9|6.7|||||||||||||||||||||"15420659"|"44676938"
"Btn2"||"B"||2|8|16|23|10|31|42||15||0|0|0|0|0|0|100|100|100|94|96|100|91|95|100|76|79|94|15|27|36|0|0|1|0|1|4|1|2|4|3|8|8|11|16|21|28|35|49|15|19|28|13|16|21|36|38|50|0|0|0|1|1.5|2||||1.35|1.4|1.5||||1.66|1.71|1.88||0.01|0.21|0.42|0.09|0.17|0.2||||33.1|34.4|38.7|21.6|23.6|31.6|39|43|46|6.1|6.7|10.1|48|51|64|26|28|36|19|22|39|".37"|".37"|0|0|0|0|0|0|13|15|25|0|1|4|27.5|29.2|37.3||||25.4|30.7|49.4|6.6|8|8.4||||||||||0.3|1.8|6.7|||||||||||||||||||||"15420659"|"44676939"
"Bkyz"||"B"|||20|46|77|35|88|178||42||0|0|0|0|0|0|95|96|100|85|91|100|82|90|100|68|75|94|15|27|36|0|0|1|0|1|4|1|2|4|3|8|8|11|16|21|28|35|49|15|19|28|13|16|21|36|38|50|2|4|6|0.5|0.75|1||||1.35|1.4|1.5||||1.6|1.65|1.83||0.42|2.82|4.23|0.1|0.16|0.2||||31|33|38.2|19.9|22.1|30.5|37|42|46|4.9|5.4|8.8|45|48|61|23|25|36|14|18|38|".32"|".32"|5|20|30|1|3|5|5|10|13|4|6|8|25.6|25.9|32.7||||111.1|116.5|133.4|7.4|8.2|9||||||||||0|0.6|3.7|||||||||||||||||||||"15420659"|"44676940"
"Cyz"||"C"|||35|88|178|200|200|200||112||0|0|0|0|0|1|93|96|100|86|91|100|77|85|95|57|63|71|34|38|42|2|2|3|3|4|5|4|5|6|14|15|16|11|12|12|28|34|41|17|20|23|11|14|18|25|28|30|4|6|8|0|0.25|0.5||||1.4|1.45|1.5||||1.51|1.56|1.59||1.41|2.82|14.11|0.14|0.15|0.19||||27.3|29.7|32.3|13.9|16.5|18.9|37|40|44|1.6|2.3|2.9|32|36|39|13|16|19|4|7|12|".32"|".32"|1|10|15|1|3|5|5|10|13|4|6|8|15.1|17.2|17.6||||100.6|107.8|118.3|7.4|8.2|9||||||||||0|0|1.8|||||||||||||||||||||"15420659"|"44676941"
"Btnz"||"B"|||10|31|42|20|46|77||15||0|0|0|0|0|0|100|100|100|94|96|100|91|95|100|76|79|94|15|27|36|0|0|1|0|1|4|1|2|4|3|8|8|11|16|21|28|35|49|15|19|28|13|16|21|36|38|50|0|0|0|1|1.5|2||||1.35|1.4|1.5||||1.66|1.71|1.88||0.01|0.21|0.42|0.09|0.17|0.2||||33.1|34.4|38.7|21.6|23.6|31.6|39|43|46|6.1|6.7|10.1|48|51|64|26|28|36|19|22|39|".37"|".37"|0|0|0|0|0|0|13|15|25|8|12|16|27.5|29.2|37.3||||25.4|57.9|74.3|6.6|8|8.4||||||||||0.3|1.8|6.7|||||||||||||||||||||"15420659"|"44676942"
"Bk"||"B"|||64|109|132|132|153|183|44|44|68|0|0|0|0|0|0|95|97|100|86|92|100|82|92|100|74|86|100|8|13|24|0|0|0|0|0|1|0|0|1|1|2|2|7|11|20|38|51|60|18|26|31|16|25|29|32|36|42|2|4|6|0|0.5|1||||1.5|1.55|1.6||||1.76|1.81|1.91||0.42|2.82|4.23|0.1|0.13|0.2||||30|32.9|36.8|18.1|21.9|27.3|34|37|41|3|5|6.8|39|45|53|20|24|29|13|21|33|".37"|".37"|5|10|15|0|0|0|5|10|13|4|6|8|20.5|24.3|27.5||||67.9|75.6|84.8|7.4|8|9|7.4|8.5|9|||||||0|0.9|3.1|||||||||||||||||||||"15420660"|"44676943"
"2C"|2|"C"|||132|153|183|200|200|200|17|47|68|0|0|0|0|0|1|93|96|100|86|91|100|78|85|95|56|63|72|34|38|42|2|2|3|3|4|5|4|5|6|14|15|16|11|12|12|28|34|41|17|20|23|11|14|18|25|28|30|4|6|8|0|0.25|0.5||||1.4|1.45|1.5||||1.51|1.56|1.59||1.41|2.82|14.11|0.14|0.15|0.16||||27.3|29.7|32.3|13.9|16.5|18.9|37|41|45|1.6|2.3|2.9|32|36|39|13|16|19|4|7|12|".32"|".32"|1|10|15|0|0|0|5|10|13|4|6|8|15.1|17.2|17.6||||70.2|70.2|72.4|7.4|7.9|8.4|7.4|8.5|9|||||||0|0.3|1.8|||||||||||||||||||||"15420660"|"44676944"
"E"||"E"|||0|0|0|5|10|15|5|10|15|0|0|0|0|0|0|100|100|100|100|100|100|97|100|100|88|93|98|8|13|19|0|0|0|0|0|0|1|1|1|1|1|2|6|11|16|55|63|71|30|35|39|25|28|32|21|24|26|0|0|0|2|3|4||||1.35|1.4|1.45||||1.48|1.53|1.55||4.23|9.17|14.11|0.2|0.22|0.24||||29.3|31.2|32.7|14.3|17.2|19.6|41|43|45|2.4|3|3.4|35|40|44|14|16|18|12|16|20|".43"|".43"|0|0|0|0|0|0|2|6|9|0|1|4|17.7|20.1|21.7||||14.2|19.7|21.5|5.6|7|7.3|5.6|6.8|7.3|||||||2.6|4|8.4|||||||||||||||||||||"15420660"|"44676945"
"Btn1"||"B"||1|5|10|15|10|20|30|5|10|15|0|0|0|0|0|0|100|100|100|94|96|100|87|96|100|77|92|100|6|10|24|0|0|0|0|0|1|0|0|1|1|1|2|5|9|20|17|42|58|10|25|32|7|17|26|36|48|59|0|0|0|1|1.5|2||||1.35|1.4|1.45||||1.78|1.83|2.01||0.01|0.21|0.42|0.09|0.13|0.2||||28.9|32.9|36.6|20|27|34|41|43|46|6.1|9.2|12.6|48|61|74|26|34|43|20|35|52|".32"|".32"|1|1|1|0|0|0|13|15|25|0|1|4|27.5|35.7|43||||36.7|37.2|90.4|6.1|7.5|7.8|6.1|6.9|7.8|||||||2|3.9|8.7|||||||||||||||||||||"15420660"|"44676946"
"Btn2"||"B"||2|10|20|30|20|63|81|10|43|51|0|0|0|0|0|0|100|100|100|94|96|100|87|96|100|77|92|100|6|10|24|0|0|0|0|0|1|0|0|1|1|1|2|5|9|20|17|42|58|10|25|32|7|17|26|36|48|59|0|0|0|1|1.5|2||||1.35|1.4|1.45||||1.78|1.83|2.01||0.01|0.21|0.42|0.09|0.13|0.2||||28.9|32.9|36.6|20|27|34|41|43|46|6.1|9.2|12.6|48|61|74|26|34|43|20|35|52|".32"|".32"|1|1|1|0|0|0|13|15|25|0|1|4|27.5|35.7|43||||36.7|37.2|90.4|6.1|7.5|7.8|6.1|6.9|7.8|||||||2|3.9|8.7|||||||||||||||||||||"15420660"|"44676947"
"Btkn"||"B"|||20|63|81|64|109|132|44|46|51|0|0|0|0|0|0|100|100|100|94|96|100|87|96|100|76|90|100|8|13|24|0|0|0|0|0|1|1|1|3|1|1|2|6|11|18|17|45|56|8|22|27|9|23|29|36|42|59|2|4|6|1|1.5|2||||1.35|1.4|1.45||||1.66|1.71|1.95||0.01|0.21|0.42|0.09|0.13|0.2||||28.9|31.3|36.6|20|23.9|34|41|43|46|5.1|6.7|11.5|46|54|72|23|29|42|17|29|50|".37"|".37"|5|10|15|0|0|0|13|15|25|4|6|8|26.2|29.2|39.2||||73.6|80.5|96.5|6.6|8.1|8.4|6.6|8.1|8.4|||||||0.2|1.5|6.9|||||||||||||||||||||"15420660"|"44676948"
"Cg1"||"C"||1|84|98|135|102|117|155||19||0|0|0|0|0|0|100|100|100|95|98|100|88|97|100|77|89|97|5|12|35|0|0|2|1|1|3|1|1|7|1|5|12|2|5|11|42|54|60|22|30|35|20|24|25|22|34|42|2|4|6|0|0.25|0.5||||1.35|1.45|1.5||||1.53|1.63|1.77||0.42|2.82|14.11|0.18|0.19|0.2||||27.3|32.6|35.6|12.4|19.8|25|40|42|46|1.6|3.9|6.7|30|43|52|12|22|29|7|20|31|".37"|".37"|2|5|10|0|0|0|0|0|0|0|1|2|14.5|22.4|26.9||||23.9|35.1|65.9|6.6|7.2|8.4||||||||||0|2.8|5|||||||||||||||||||||"15420661"|"44676949"
"2Cg2"|2|"C"||2|102|117|155|200|200|200||83||0|0|0|0|0|1|93|97|100|87|91|100|78|85|96|57|63|72|34|38|42|2|2|3|3|4|5|4|5|7|14|15|18|11|12|15|28|34|40|17|20|22|11|14|18|25|28|30|4|6|8|0|0.25|0.5||||1.4|1.45|1.5||||1.51|1.56|1.59||1.41|2.82|14.11|0.14|0.15|0.16||||27.5|29.7|32.3|14|16.5|18.9|38|41|45|1.6|2.3|2.9|32|36|39|13|16|19|4|7|12|".32"|".32"|1|10|15|0|0|0|0|0|0|0|1|2|14.8|17.1|17.6||||18.6|24|56.6|7.4|7.9|8.4||||||||||0|0.3|1.8|||||||||||||||||||||"15420661"|"44676950"
"E"||"E"|||18|20|25|35|40|48||20||0|0|0|0|0|0|100|100|100|100|100|100|92|99|100|81|92|97|5|11|35|0|0|2|1|1|3|1|1|7|1|4|12|2|5|11|45|64|70|25|35|40|20|29|30|15|25|30|0|0|0|1|2|3||||1.35|1.4|1.45||||1.47|1.52|1.58||1.41|9.17|14.11|0.18|0.2|0.22||||25.5|30.8|33.2|9.7|16.5|20.5|42|43|45|1.4|2.7|4.2|27|39|46|9|17|21|5|16|23|".49"|".49"|0|0|0|0|0|0|0|0|0|0|1|2|12.9|20.5|24.4||||10.3|19.8|24.4|5.6|6.8|7.3||||||||||1.7|4.3|8.4|||||||||||||||||||||"15420661"|"44676951"
"Bt"||"B"|||35|40|48|84|98|135||58||0|0|0|0|0|0|100|100|100|100|100|100|92|99|100|81|91|98|5|12|35|0|0|2|1|1|3|1|1|7|1|5|12|2|5|11|27|46|55|16|24|30|11|22|25|35|42|48|0|0|0|1|1.5|3||||1.35|1.4|1.5||||1.7|1.75|1.84||0.42|0.92|4.23|0.11|0.13|0.2||||29.5|32|34.5|20.1|24.4|29.3|40|44|46|5.2|7.8|9.6|47|55|64|25|30|35|20|30|40|".32"|".32"|0|0|0|0|0|0|0|0|0|0|1|2|26.8|31.8|36.5||||24.1|29.8|44.5|5.6|7|7.8||||||||||1.9|4.8|9.7|||||||||||||||||||||"15420661"|"44676952"
"Ap"||"A"|||0|0|0|18|20|25||20||0|0|0|0|0|0|100|100|100|100|100|100|95|97|100|86|90|93|5|13|16|0|0|1|1|2|2|1|2|2|2|4|5|2|5|6|59|64|70|29|35|38|26|29|30|20|23|26|0|0|0|4|5|8||||1.2|1.25|1.35||||1.31|1.36|1.38||4.23|9.17|14.11|0.22|0.23|0.24||||29.5|31.2|34|14.6|17.2|22|43|47|49|2.3|2.8|3.4|39|44|53|13|14|17|12|15|20|".37"|".37"|0|0|0|0|0|0|0|0|0|0|1|2|17.3|19.7|22.2||||13.8|18.5|30.2|5.6|6.5|7.8||||||||||1.9|6.1|9.8|||||||||||||||||||||"15420661"|"44676953"
"Cyz"||"C"|||45|102|152|200|200|200||98||0|0|0|0|0|1|93|96|100|86|91|100|77|85|95|57|63|71|34|38|42|2|2|3|3|4|5|4|5|6|14|15|16|11|12|12|28|34|41|17|20|23|11|14|18|25|28|30|4|6|8|0|0.25|0.5||||1.4|1.45|1.5||||1.51|1.56|1.59||1.41|2.82|14.11|0.14|0.15|0.19||||27.3|29.7|32.3|13.9|16.5|18.9|37|40|44|1.6|2.3|2.9|32|36|39|13|16|19|4|7|12|".32"|".32"|1|10|15|1|3|5|5|10|13|2|6|8|15.1|17.2|17.6||||100.6|107.8|118.3|7.4|8|9||||||||||0|0|1.8|||||||||||||||||||||"15420662"|"44676954"
"B/E"||"B/E"|||15|25|35|20|32|45||7||0|0|0|0|0|0|100|100|100|100|100|100|95|100|100|85|92|99|8|15|30|0|0|0|0|0|0|1|1|1|1|1|8|6|13|21|42|53|60|24|28|32|18|25|30|28|32|38|0|0|0|1|1.5|2||||1.35|1.4|1.45||||1.55|1.6|1.71||1.41|2.82|4.23|0.15|0.19|0.2||||31|32.8|34.9|16.9|19.8|23.7|42|44|46|3.6|4.5|6.9|40|45|52|19|22|27|16|22|30|".49"|".49"|0|0|0|0|0|0|0|1|2|0|1|2|22.1|25.2|29.5||||21.1|24.5|29.4|6.1|7|7.3||||||||||2.7|4.1|7.2|||||||||||||||||||||"15420662"|"44676955"
"Ap"||"A"|||0|0|0|10|15|20||15||0|0|0|0|0|0|100|100|100|100|100|100|97|100|100|88|93|98|8|13|19|0|0|0|0|0|0|1|1|1|1|1|2|6|11|16|55|63|71|30|35|39|25|28|32|21|24|26|0|0|0|2|3.5|5||||1.3|1.4|1.45||||1.43|1.53|1.55||4.23|9.17|14.11|0.2|0.22|0.24||||29.3|31.6|33.4|14.3|17.9|20.8|41|42|46|2.4|3|3.4|35|41|46|14|16|18|12|16|21|".37"|".37"|0|0|0|0|0|0|0|1|2|0|1|2|17.7|20.2|21.9||||14.9|19.8|21.4|5.6|7|7.3||||||||||2.6|4.2|8.8|||||||||||||||||||||"15420662"|"44676956"
"E"||"E"|||10|15|20|15|25|35||10||0|0|0|0|0|0|100|100|100|100|100|100|97|100|100|88|93|98|8|13|19|0|0|0|0|0|0|1|1|1|1|1|2|6|11|16|55|63|71|30|35|39|25|28|32|21|24|26|0|0|0|1|2|3||||1.35|1.4|1.45||||1.48|1.53|1.54||4.23|9.17|14.11|0.2|0.22|0.24||||28.3|30.4|31.9|13|16|18.3|42|43|45|2.4|2.9|3.3|33|38|42|14|16|18|11|15|19|".43"|".43"|0|0|0|0|0|0|0|1|2|0|1|2|17.3|19.8|21.5||||16.1|19|21.3|6.1|7|7.3||||||||||2.2|3.7|6.7|||||||||||||||||||||"15420662"|"44676957"
"Btn"||"B"|||20|32|45|35|72|95||40||0|0|0|0|0|0|100|100|100|94|96|100|91|95|100|76|79|94|15|27|36|0|0|1|0|1|4|1|2|4|3|8|8|11|16|21|28|35|49|15|19|28|13|16|21|36|38|50|0|0|0|1|1.5|2||||1.35|1.4|1.5||||1.66|1.71|1.88||0.01|0.21|0.42|0.09|0.17|0.2||||33.1|34.4|38.7|21.6|23.6|31.6|39|43|46|6.1|6.7|10.1|48|51|64|26|28|36|19|22|39|".37"|".37"|0|0|0|0|0|0|2|4|8|2|3|4|27.5|29.2|37.3||||25.5|28.6|49.4|6.1|7.2|7.8||||||||||2|4|8.1|||||||||||||||||||||"15420662"|"44676958"
"Bkyz"||"B"|||35|72|95|45|102|152||30||0|0|0|0|0|0|95|96|100|85|91|100|80|90|100|65|73|93|15|30|36|0|0|1|0|1|4|1|3|4|3|8|8|11|18|21|28|38|49|15|20|28|13|18|21|28|32|45|2|4|6|0.5|0.75|1||||1.4|1.45|1.5||||1.56|1.61|1.82||0.42|2.82|4.23|0.1|0.16|0.2||||28.8|31.5|37.3|16.1|19.4|28.6|37|40|44|2.6|3.4|7.5|37|42|56|17|21|32|8|14|23|".37"|".37"|5|20|30|1|3|5|5|10|13|8|10|16|20.3|21.9|29.4||||105.8|112.5|130.1|7.4|8|9||||||||||0|0.7|3.3|||||||||||||||||||||"15420662"|"44676959"
"Bt"||"B"|||21|28|32|46|71|88||43||0|0|0|0|0|5|94|96|100|89|93|100|81|86|96|59|64|73|34|38|42|2|2|3|3|4|5|4|5|7|14|15|18|11|12|15|28|30|37|17|18|20|11|12|20|29|32|34|0|0|0|1|2|3||||1.35|1.4|1.45||||1.56|1.61|1.67||1.41|2.82|4.23|0.15|0.17|0.19||||29.1|32.3|34.9|16.7|20.4|23.6|38|42|45|3|4.5|5.9|40|40|50|20|20|25|9|10|18|".28"|".28"|0|0|0|0|0|0|0|0|0|0|1|2|23.2|26|27.9||||22.3|25.5|35.9|6.6|7.2|7.8||||||||||1.5|3.8|6|||||||||||||||||||||"15420663"|"44676960"
"Ap"||"A"|||0|0|0|13|15|20||15||0|0|0|0|0|5|94|96|100|88|92|100|80|85|96|58|63|73|34|38|42|2|2|3|3|4|5|4|5|7|14|15|18|11|12|15|35|40|45|18|20|23|17|20|22|18|22|26|0|0|0|4|5|7||||1.35|1.35|1.4||||1.35|1.47|1.48||4.23|9.17|14.11|0.18|0.2|0.22||||26.9|30.4|34.3|13.4|17.3|22.5|38|42|43|0|2.8|2.9|40|40|50|10|15|20|4|8|15|".24"|".24"|0|0|0|0|0|0|0|0|0|0|1|2|15.9|19.3|22.7||||13.3|18.9|22.5|6.1|6.7|7.3||||||||||3.1|5.5|8.2|||||||||||||||||||||"15420663"|"44676961"
"Bk"||"B"|||46|71|88|66|101|129||30||0|0|0|0|0|3|95|97|100|90|93|100|81|86|96|59|64|72|34|38|42|2|2|3|3|4|5|4|5|7|14|15|18|11|12|15|28|34|40|17|20|22|11|14|18|25|28|30|2|4|6|0.5|0.75|1||||1.4|1.45|1.5||||1.54|1.59|1.59||1.41|2.82|14.11|0.15|0.17|0.19||||28.1|30.5|32.7|14.7|17.3|19.5|38|41|44|0|2.9|2.9|30|40|40|15|15|20|5|8|13|".32"|".32"|5|20|30|0|0|0|0|0|0|0|1|2|18.3|19.3|19.6||||20.8|51.6|58.6|7.4|7.9|8.4||||||||||0|0.7|2.2|||||||||||||||||||||"15420663"|"44676962"
"C"||"C"|||66|101|129|200|200|200||99||0|0|0|0|0|1|93|97|100|87|91|100|78|85|96|57|63|72|34|38|42|2|2|3|3|4|5|4|5|7|14|15|18|11|12|15|28|34|40|17|20|22|11|14|18|25|28|30|4|6|8|0|0.25|0.5||||1.4|1.45|1.5||||1.52|1.57|1.59||1.41|2.82|14.11|0.14|0.15|0.16||||27.5|29.7|32.3|14|16.5|18.9|38|41|45|0|2.5|2.9|30|40|40|15|15|20|5|8|13|".32"|".32"|1|10|15|0|0|0|0|0|0|0|1|2|14.8|17.1|17.6||||18.6|24|56.6|7.4|7.9|8.4||||||||||0|0.3|1.8|||||||||||||||||||||"15420663"|"44676963"
"A"||"A"|||13|15|20|21|28|32||13||0|0|0|0|0|5|94|96|100|88|92|100|80|85|96|58|63|73|34|38|42|2|2|3|3|4|5|4|5|7|14|15|18|11|12|15|35|40|45|18|20|23|17|20|22|18|22|26|0|0|0|4|5|7||||1.15|1.25|1.35||||1.26|1.36|1.37||4.23|9.17|14.11|0.18|0.2|0.22||||26.3|29.7|33.4|12.5|16|20.8|40|45|51|0|2.8|2.9|40|40|50|10|15|20|4|8|15|".32"|".32"|0|0|0|0|0|0|0|0|0|0|1|2|15.9|19.3|22.7||||13.3|18.9|22.5|6.1|6.7|7.3||||||||||3.1|5.5|8.2|||||||||||||||||||||"15420663"|"44676964"
"Bk"||"B"|||36|48|53|74|107|112||59||0|0|0|0|0|3|95|97|100|90|93|100|81|86|96|59|64|72|34|38|42|2|2|3|3|4|5|4|5|7|14|15|18|11|12|15|28|34|40|17|20|22|11|14|18|25|28|30|2|4|6|0.5|0.75|1||||1.4|1.45|1.5||||1.54|1.59|1.59||1.41|2.82|14.11|0.15|0.17|0.19||||28.1|30.5|32.7|14.7|17.3|19.5|38|41|44|2.3|2.9|3.5|34|38|41|14|17|20|5|8|13|".32"|".32"|5|20|30|0|0|0|0|0|0|0|1|2|18.3|19.3|19.6||||20.8|51.6|58.6|7.4|7.9|8.4||||||||||0|0.7|2.2|||||||||||||||||||||"15420664"|"44676965"
"C"||"C"|||74|107|112|200|200|200||93||0|0|0|0|0|1|93|97|100|87|91|100|78|85|96|57|63|72|34|38|42|2|2|3|3|4|5|4|5|7|14|15|18|11|12|15|28|34|40|17|20|22|11|14|18|25|28|30|4|6|8|0|0.25|0.5||||1.4|1.45|1.5||||1.52|1.57|1.59||1.41|2.82|14.11|0.14|0.15|0.16||||27.5|29.7|32.3|14|16.5|18.9|38|41|45|1.8|2.5|3|32|36|39|13|16|19|5|8|13|".32"|".32"|1|10|15|0|0|0|0|0|0|0|1|2|14.8|17.1|17.6||||18.6|24|56.6|7.4|7.9|8.4||||||||||0|0.3|1.8|||||||||||||||||||||"15420664"|"44676966"
"Ap"||"A"|||0|0|0|13|15|20||15||0|0|0|0|0|5|94|96|100|88|92|100|80|85|96|58|63|73|34|38|42|2|2|3|3|4|5|4|5|7|14|15|18|11|12|15|35|40|45|18|20|23|17|20|22|18|22|26|0|0|0|2|3|4||||1.4|1.4|1.45||||1.4|1.52|1.53||4.23|9.17|14.11|0.18|0.2|0.22||||25.4|29.2|32.7|11.5|15.4|19.6|37|41|43|1.8|2.7|3.6|32|38|44|12|15|18|3|8|13|".28"|".28"|0|0|0|0|0|0|0|0|0|0|1|2|15.5|18.9|22.2||||13.7|18|24.7|6.1|6.7|7.3||||||||||2.4|4.7|7.1|||||||||||||||||||||"15420664"|"44676967"
"Bt"||"B"|||13|15|20|36|48|53||33||0|0|0|0|0|5|94|96|100|89|93|100|81|86|96|59|64|73|34|38|42|2|2|3|3|4|5|4|5|7|14|15|18|11|12|15|28|30|37|17|18|20|11|12|20|29|32|34|0|0|0|1|2|3||||1.35|1.4|1.45||||1.56|1.61|1.67||1.41|2.82|4.23|0.15|0.17|0.19||||29.1|32.3|34.9|16.7|20.4|23.6|38|42|45|3.6|4.5|5.2|41|46|50|20|22|24|9|10|18|".28"|".28"|0|0|0|0|0|0|0|0|0|0|1|2|23.2|26|27.9||||22.3|25.5|35.9|6.6|7.2|7.8||||||||||1.5|3.8|6|||||||||||||||||||||"15420664"|"44676968"
"C"||"C"|||66|101|129|200|200|200||99||0|0|0|0|0|1|93|97|100|87|91|100|78|85|96|57|63|72|34|38|42|2|2|3|3|4|5|4|5|7|14|15|18|11|12|15|28|34|40|17|20|22|11|14|18|25|28|30|4|6|8|0|0.25|0.5||||1.4|1.45|1.5||||1.52|1.57|1.59||1.41|2.82|14.11|0.14|0.15|0.16||||27.5|29.7|32.3|14|16.5|18.9|38|41|45|0|2.5|2.9|30|40|40|15|15|20|5|8|13|".32"|".32"|1|10|15|0|0|0|0|0|0|0|1|2|14.8|17.1|17.6||||18.6|24|56.6|7.4|7.9|8.4||||||||||0|0.3|1.8|||||||||||||||||||||"15420665"|"44676969"
"A"||"A"|||13|15|20|21|28|32||13||0|0|0|0|0|5|94|96|100|88|92|100|80|85|96|58|63|73|34|38|42|2|2|3|3|4|5|4|5|7|14|15|18|11|12|15|35|40|45|18|20|23|17|20|22|18|22|26|0|0|0|4|5|7||||1.15|1.25|1.35||||1.26|1.36|1.37||4.23|9.17|14.11|0.18|0.2|0.22||||26.3|29.7|33.4|12.5|16|20.8|40|45|51|0|2.8|2.9|40|40|50|10|15|20|4|8|15|".32"|".32"|0|0|0|0|0|0|0|0|0|0|1|2|15.9|19.3|22.7||||13.3|18.9|22.5|6.1|6.7|7.3||||||||||3.1|5.5|8.2|||||||||||||||||||||"15420665"|"44676970"
"Bt"||"B"|||21|28|32|46|71|88||43||0|0|0|0|0|5|94|96|100|89|93|100|81|86|96|59|64|73|34|38|42|2|2|3|3|4|5|4|5|7|14|15|18|11|12|15|28|30|37|17|18|20|11|12|20|29|32|34|0|0|0|1|2|3||||1.35|1.4|1.45||||1.56|1.61|1.67||1.41|2.82|4.23|0.15|0.17|0.19||||29.1|32.3|34.9|16.7|20.4|23.6|38|42|45|3|4.5|5.9|40|40|50|20|20|25|9|10|18|".28"|".28"|0|0|0|0|0|0|0|0|0|0|1|2|23.2|26|27.9||||22.3|25.5|35.9|6.6|7.2|7.8||||||||||1.5|3.8|6|||||||||||||||||||||"15420665"|"44676971"
"Ap"||"A"|||0|0|0|13|15|20||15||0|0|0|0|0|5|94|96|100|88|92|100|80|85|96|58|63|73|34|38|42|2|2|3|3|4|5|4|5|7|14|15|18|11|12|15|35|40|45|18|20|23|17|20|22|18|22|26|0|0|0|4|5|7||||1.35|1.35|1.4||||1.35|1.47|1.48||4.23|9.17|14.11|0.18|0.2|0.22||||26.9|30.4|34.3|13.4|17.3|22.5|38|42|43|0|2.8|2.9|40|40|50|10|15|20|4|8|15|".24"|".24"|0|0|0|0|0|0|0|0|0|0|1|2|15.9|19.3|22.7||||13.3|18.9|22.5|6.1|6.7|7.3||||||||||3.1|5.5|8.2|||||||||||||||||||||"15420665"|"44676972"
"Bk"||"B"|||46|71|88|66|101|129||30||0|0|0|0|0|3|95|97|100|90|93|100|81|86|96|59|64|72|34|38|42|2|2|3|3|4|5|4|5|7|14|15|18|11|12|15|28|34|40|17|20|22|11|14|18|25|28|30|2|4|6|0.5|0.75|1||||1.4|1.45|1.5||||1.54|1.59|1.59||1.41|2.82|14.11|0.15|0.17|0.19||||28.1|30.5|32.7|14.7|17.3|19.5|38|41|44|0|2.9|2.9|30|40|40|15|15|20|5|8|13|".32"|".32"|5|20|30|0|0|0|0|0|0|0|1|2|18.3|19.3|19.6||||20.8|51.6|58.6|7.4|7.9|8.4||||||||||0|0.7|2.2|||||||||||||||||||||"15420665"|"44676973"
"Ap"||"A"|||0|0|0|10|15|20||15||0|0|0|0|0|0|100|100|100|100|100|100|97|100|100|88|93|98|8|13|19|0|0|0|0|0|0|1|1|1|1|1|2|6|11|16|55|63|71|30|35|39|25|28|32|21|24|26|0|0|0|2|3.5|5||||1.3|1.4|1.45||||1.43|1.53|1.55||4.23|9.17|14.11|0.2|0.22|0.24||||29.3|31.6|33.4|14.3|17.9|20.8|41|42|46|2.4|3|3.4|35|41|46|14|16|18|12|16|21|".37"|".37"|0|0|0|0|0|0|0|1|2|0|1|2|17.7|20.2|21.9||||14.9|19.8|21.4|5.6|7|7.3||||||||||2.6|4.2|8.8|||||||||||||||||||||"15420666"|"44676974"
"E"||"E"|||10|15|20|13|20|28||5||0|0|0|0|0|0|100|100|100|100|100|100|97|100|100|88|93|98|8|13|19|0|0|0|0|0|0|1|1|1|1|1|2|6|11|16|55|63|71|30|35|39|25|28|32|21|24|26|0|0|0|1|2|4||||1.35|1.4|1.45||||1.48|1.53|1.55||4.23|9.17|14.11|0.2|0.22|0.24||||28.3|30.4|32.7|13|16|19.6|42|43|45|2.4|2.9|3.4|33|38|44|14|16|18|11|15|20|".43"|".43"|0|0|0|0|0|0|0|2|4|0|1|2|17.3|19.8|21.7||||14.8|19|21.5|5.6|7|7.3||||||||||2.2|3.7|8.4|||||||||||||||||||||"15420666"|"44676975"
"Btn1"||"B"||1|13|20|28|18|30|41||10||0|0|0|0|0|0|100|100|100|94|96|100|91|95|100|76|79|94|15|27|36|0|0|1|0|1|4|1|2|4|3|8|8|11|16|21|28|35|49|15|19|28|13|16|21|36|38|50|0|0|0|1|1.5|2||||1.35|1.4|1.45||||1.66|1.71|1.88||0.01|0.21|0.42|0.09|0.17|0.2||||33.1|34.4|38.7|21.6|23.6|31.6|41|43|46|6.1|6.7|10.1|48|51|64|26|28|36|19|22|39|".37"|".37"|0|0|0|0|0|0|8|15|18|0|1|4|27.5|29.2|37.3||||25.5|28.6|49.4|6.1|7.2|7.8||||||||||2|4|8.1|||||||||||||||||||||"15420666"|"44676976"
"Btn2"||"B"||2|18|30|41|36|55|89||25||0|0|0|0|0|0|100|100|100|94|96|100|91|95|100|76|79|94|15|27|36|0|0|1|0|1|4|1|2|4|3|8|8|11|16|21|28|35|49|15|19|28|13|16|21|36|38|50|0|0|0|1|1.5|2||||1.35|1.4|1.5||||1.66|1.71|1.88||0.01|0.21|0.42|0.09|0.17|0.2||||33.1|34.4|38.7|21.6|23.6|31.6|39|43|46|6.1|6.7|10.1|48|51|64|26|28|36|19|22|39|".37"|".37"|0|0|0|0|0|0|13|15|20|4|6|8|27.5|29.2|37.3||||25.4|28.6|57.7|6.6|7.2|8.4||||||||||0.3|4|6.7|||||||||||||||||||||"15420666"|"44676977"
"Bkyz"||"B"|||36|55|89|46|80|149||25||0|0|0|0|0|0|95|96|100|85|91|100|82|90|100|68|75|94|15|27|36|0|0|1|0|1|4|1|2|4|3|8|8|11|16|21|28|35|49|15|19|28|13|16|21|36|38|50|2|4|6|0.5|0.75|1||||1.35|1.4|1.5||||1.6|1.65|1.83||0.42|2.82|4.23|0.1|0.16|0.2||||31|33|38.2|19.9|22.1|30.5|37|42|46|4.9|5.4|8.8|45|48|61|23|25|36|14|18|38|".32"|".32"|5|20|30|1|3|5|5|10|12|8|10|16|25.6|25.9|32.7||||111.1|116.5|133.4|7.4|8|9||||||||||0|1.2|3.7|||||||||||||||||||||"15420666"|"44676978"
"Cyz"||"C"|||46|80|149|200|200|200||120||0|0|0|0|0|1|93|96|100|86|91|100|77|85|95|57|63|71|34|38|42|2|2|3|3|4|5|4|5|6|14|15|16|11|12|12|28|34|41|17|20|23|11|14|18|25|28|30|4|6|8|0|0.25|0.5||||1.4|1.45|1.5||||1.51|1.56|1.59||1.41|2.82|14.11|0.14|0.15|0.19||||27.3|29.7|32.3|13.9|16.5|18.9|37|40|44|1.6|2.3|2.9|32|36|39|13|16|19|4|7|12|".32"|".32"|1|10|15|1|3|5|5|10|12|4|6|8|15.1|17.2|17.6||||100.6|107.8|118.3|7.4|8|9||||||||||0|0|1.8|||||||||||||||||||||"15420666"|"44676979"
"Ap"||"A"|||0|0|0|10|15|20||15||0|0|0|0|0|0|100|100|100|100|100|100|97|100|100|88|93|98|8|13|19|0|0|0|0|0|0|1|1|1|1|1|2|6|11|16|55|63|71|30|35|39|25|28|32|21|24|26|0|0|0|2|3.5|5||||1.3|1.4|1.45||||1.43|1.53|1.55||4.23|9.17|14.11|0.2|0.22|0.24||||29.3|31.6|33.4|14.3|17.9|20.8|41|42|46|2.4|3|3.4|35|41|46|14|16|18|12|16|21|".37"|".37"|0|0|0|0|0|0|0|1|2|0|1|2|17.7|20.2|21.9||||14.9|19.8|21.4|5.6|7|7.3||||||||||2.6|4.2|8.8|||||||||||||||||||||"15420667"|"44676980"
"E"||"E"|||10|15|20|15|25|35||10||0|0|0|0|0|0|100|100|100|100|100|100|97|100|100|88|93|98|8|13|19|0|0|0|0|0|0|1|1|1|1|1|2|6|11|16|55|63|71|30|35|39|25|28|32|21|24|26|0|0|0|1|2|3||||1.35|1.4|1.45||||1.48|1.53|1.54||4.23|9.17|14.11|0.2|0.22|0.24||||28.3|30.4|31.9|13|16|18.3|42|43|45|2.4|2.9|3.3|33|38|42|14|16|18|11|15|19|".43"|".43"|0|0|0|0|0|0|0|1|2|0|1|2|17.3|19.8|21.5||||16.1|19|21.3|6.1|7|7.3||||||||||2.2|3.7|6.7|||||||||||||||||||||"15420667"|"44676981"
"Btn"||"B"|||20|32|45|35|72|95||40||0|0|0|0|0|0|100|100|100|94|96|100|91|95|100|76|79|94|15|27|36|0|0|1|0|1|4|1|2|4|3|8|8|11|16|21|28|35|49|15|19|28|13|16|21|36|38|50|0|0|0|1|1.5|2||||1.35|1.4|1.5||||1.66|1.71|1.88||0.01|0.21|0.42|0.09|0.17|0.2||||33.1|34.4|38.7|21.6|23.6|31.6|39|43|46|6.1|6.7|10.1|48|51|64|26|28|36|19|22|39|".37"|".37"|0|0|0|0|0|0|2|4|8|2|3|4|27.5|29.2|37.3||||25.5|28.6|49.4|6.1|7.2|7.8||||||||||2|4|8.1|||||||||||||||||||||"15420667"|"44676982"
"Bkyz"||"B"|||35|72|95|45|102|152||30||0|0|0|0|0|0|95|96|100|85|91|100|80|90|100|65|73|93|15|30|36|0|0|1|0|1|4|1|3|4|3|8|8|11|18|21|28|38|49|15|20|28|13|18|21|28|32|45|2|4|6|0.5|0.75|1||||1.4|1.45|1.5||||1.56|1.61|1.82||0.42|2.82|4.23|0.1|0.16|0.2||||28.8|31.5|37.3|16.1|19.4|28.6|37|40|44|2.6|3.4|7.5|37|42|56|17|21|32|8|14|23|".37"|".37"|5|20|30|1|3|5|5|10|13|8|10|16|20.3|21.9|29.4||||105.8|112.5|130.1|7.4|8|9||||||||||0|0.7|3.3|||||||||||||||||||||"15420667"|"44676983"
"Cyz"||"C"|||45|102|152|200|200|200||98||0|0|0|0|0|1|93|96|100|86|91|100|77|85|95|57|63|71|34|38|42|2|2|3|3|4|5|4|5|6|14|15|16|11|12|12|28|34|41|17|20|23|11|14|18|25|28|30|4|6|8|0|0.25|0.5||||1.4|1.45|1.5||||1.51|1.56|1.59||1.41|2.82|14.11|0.14|0.15|0.19||||27.3|29.7|32.3|13.9|16.5|18.9|37|40|44|1.6|2.3|2.9|32|36|39|13|16|19|4|7|12|".32"|".32"|1|10|15|1|3|5|5|10|13|2|6|8|15.1|17.2|17.6||||100.6|107.8|118.3|7.4|8|9||||||||||0|0|1.8|||||||||||||||||||||"15420667"|"44676984"
"B/E"||"B/E"|||15|25|35|20|32|45||7||0|0|0|0|0|0|100|100|100|100|100|100|95|100|100|85|92|99|8|15|30|0|0|0|0|0|0|1|1|1|1|1|8|6|13|21|42|53|60|24|28|32|18|25|30|28|32|38|0|0|0|1|1.5|2||||1.35|1.4|1.45||||1.55|1.6|1.71||1.41|2.82|4.23|0.15|0.19|0.2||||31|32.8|34.9|16.9|19.8|23.7|42|44|46|3.6|4.5|6.9|40|45|52|19|22|27|16|22|30|".49"|".49"|0|0|0|0|0|0|0|1|2|0|1|2|22.1|25.2|29.5||||21.1|24.5|29.4|6.1|7|7.3||||||||||2.7|4.1|7.2|||||||||||||||||||||"15420667"|"44676985"
"E"||"E"|||0|0|0|3|8|13||8||0|0|0|0|0|0|100|100|100|100|100|100|97|100|100|88|93|98|8|13|19|0|0|0|0|0|0|1|1|1|1|1|2|6|11|16|55|63|71|30|35|39|25|28|32|21|24|26|0|0|0|1|2|4||||1.35|1.4|1.45||||1.48|1.53|1.55||4.23|9.17|14.11|0.2|0.22|0.24||||28.3|30.4|32.7|13|16|19.6|42|43|45|2.4|2.9|3.4|33|38|44|14|16|18|11|15|20|".43"|".43"|0|0|0|0|0|0|2|6|9|0|1|4|17.3|19.8|21.7||||14.8|19|21.5|5.6|7|7.3||||||||||2.2|3.7|8.4|||||||||||||||||||||"15420668"|"44676986"
"Btn1"||"B"||1|3|8|13|8|16|23||8||0|0|0|0|0|0|100|100|100|94|96|100|91|95|100|76|79|94|15|27|36|0|0|1|0|1|4|1|2|4|3|8|8|11|16|21|28|35|49|15|19|28|13|16|21|36|38|50|0|0|0|1|1.5|2||||1.35|1.4|1.45||||1.66|1.71|1.88||0.01|0.21|0.42|0.09|0.17|0.2||||33.1|34.4|38.7|21.6|23.6|31.6|41|43|46|6.1|6.7|10.1|48|51|64|26|28|36|19|22|39|".37"|".37"|0|0|0|0|0|0|13|15|25|0|1|4|27.5|29.2|37.3||||25.4|30.7|49.4|6.6|7.6|8.4||||||||||0.3|2.9|6.7|||||||||||||||||||||"15420668"|"44676987"
"Btn2"||"B"||2|8|16|23|10|31|42||15||0|0|0|0|0|0|100|100|100|94|96|100|91|95|100|76|79|94|15|27|36|0|0|1|0|1|4|1|2|4|3|8|8|11|16|21|28|35|49|15|19|28|13|16|21|36|38|50|0|0|0|1|1.5|2||||1.35|1.4|1.5||||1.66|1.71|1.88||0.01|0.21|0.42|0.09|0.17|0.2||||33.1|34.4|38.7|21.6|23.6|31.6|39|43|46|6.1|6.7|10.1|48|51|64|26|28|36|19|22|39|".37"|".37"|0|0|0|0|0|0|13|15|25|0|1|4|27.5|29.2|37.3||||25.4|30.7|49.4|6.6|8|8.4||||||||||0.3|1.8|6.7|||||||||||||||||||||"15420668"|"44676988"
"Bkyz"||"B"|||20|46|77|35|88|178||42||0|0|0|0|0|0|95|96|100|85|91|100|82|90|100|68|75|94|15|27|36|0|0|1|0|1|4|1|2|4|3|8|8|11|16|21|28|35|49|15|19|28|13|16|21|36|38|50|2|4|6|0.5|0.75|1||||1.35|1.4|1.5||||1.6|1.65|1.83||0.42|2.82|4.23|0.1|0.16|0.2||||31|33|38.2|19.9|22.1|30.5|37|42|46|4.9|5.4|8.8|45|48|61|23|25|36|14|18|38|".32"|".32"|5|20|30|1|3|5|5|10|13|4|6|8|25.6|25.9|32.7||||111.1|116.5|133.4|7.4|8.2|9||||||||||0|0.6|3.7|||||||||||||||||||||"15420668"|"44676989"
"Cyz"||"C"|||35|88|178|200|200|200||112||0|0|0|0|0|1|93|96|100|86|91|100|77|85|95|57|63|71|34|38|42|2|2|3|3|4|5|4|5|6|14|15|16|11|12|12|28|34|41|17|20|23|11|14|18|25|28|30|4|6|8|0|0.25|0.5||||1.4|1.45|1.5||||1.51|1.56|1.59||1.41|2.82|14.11|0.14|0.15|0.19||||27.3|29.7|32.3|13.9|16.5|18.9|37|40|44|1.6|2.3|2.9|32|36|39|13|16|19|4|7|12|".32"|".32"|1|10|15|1|3|5|5|10|13|4|6|8|15.1|17.2|17.6||||100.6|107.8|118.3|7.4|8.2|9||||||||||0|0|1.8|||||||||||||||||||||"15420668"|"44676990"
"Btnz"||"B"|||10|31|42|20|46|77||15||0|0|0|0|0|0|100|100|100|94|96|100|91|95|100|76|79|94|15|27|36|0|0|1|0|1|4|1|2|4|3|8|8|11|16|21|28|35|49|15|19|28|13|16|21|36|38|50|0|0|0|1|1.5|2||||1.35|1.4|1.5||||1.66|1.71|1.88||0.01|0.21|0.42|0.09|0.17|0.2||||33.1|34.4|38.7|21.6|23.6|31.6|39|43|46|6.1|6.7|10.1|48|51|64|26|28|36|19|22|39|".37"|".37"|0|0|0|0|0|0|13|15|25|8|12|16|27.5|29.2|37.3||||25.4|57.9|74.3|6.6|8|8.4||||||||||0.3|1.8|6.7|||||||||||||||||||||"15420668"|"44676991"
"Bk"||"B"|||64|109|132|132|153|183|44|44|68|0|0|0|0|0|0|95|97|100|86|92|100|82|92|100|74|86|100|8|13|24|0|0|0|0|0|1|0|0|1|1|2|2|7|11|20|38|51|60|18|26|31|16|25|29|32|36|42|2|4|6|0|0.5|1||||1.5|1.55|1.6||||1.76|1.81|1.91||0.42|2.82|4.23|0.1|0.13|0.2||||30|32.9|36.8|18.1|21.9|27.3|34|37|41|3|5|6.8|39|45|53|20|24|29|13|21|33|".37"|".37"|5|10|15|0|0|0|5|10|13|4|6|8|20.5|24.3|27.5||||67.9|75.6|84.8|7.4|8|9|7.4|8.5|9|||||||0|0.9|3.1|||||||||||||||||||||"15420669"|"44676992"
"2C"|2|"C"|||132|153|183|200|200|200|17|47|68|0|0|0|0|0|1|93|96|100|86|91|100|78|85|95|56|63|72|34|38|42|2|2|3|3|4|5|4|5|6|14|15|16|11|12|12|28|34|41|17|20|23|11|14|18|25|28|30|4|6|8|0|0.25|0.5||||1.4|1.45|1.5||||1.51|1.56|1.59||1.41|2.82|14.11|0.14|0.15|0.16||||27.3|29.7|32.3|13.9|16.5|18.9|37|41|45|1.6|2.3|2.9|32|36|39|13|16|19|4|7|12|".32"|".32"|1|10|15|0|0|0|5|10|13|4|6|8|15.1|17.2|17.6||||70.2|70.2|72.4|7.4|7.9|8.4|7.4|8.5|9|||||||0|0.3|1.8|||||||||||||||||||||"15420669"|"44676993"
"E"||"E"|||0|0|0|5|10|15|5|10|15|0|0|0|0|0|0|100|100|100|100|100|100|97|100|100|88|93|98|8|13|19|0|0|0|0|0|0|1|1|1|1|1|2|6|11|16|55|63|71|30|35|39|25|28|32|21|24|26|0|0|0|2|3|4||||1.35|1.4|1.45||||1.48|1.53|1.55||4.23|9.17|14.11|0.2|0.22|0.24||||29.3|31.2|32.7|14.3|17.2|19.6|41|43|45|2.4|3|3.4|35|40|44|14|16|18|12|16|20|".43"|".43"|0|0|0|0|0|0|2|6|9|0|1|4|17.7|20.1|21.7||||14.2|19.7|21.5|5.6|7|7.3|5.6|6.8|7.3|||||||2.6|4|8.4|||||||||||||||||||||"15420669"|"44676994"
"Btn1"||"B"||1|5|10|15|10|20|30|5|10|15|0|0|0|0|0|0|100|100|100|94|96|100|87|96|100|77|92|100|6|10|24|0|0|0|0|0|1|0|0|1|1|1|2|5|9|20|17|42|58|10|25|32|7|17|26|36|48|59|0|0|0|1|1.5|2||||1.35|1.4|1.45||||1.78|1.83|2.01||0.01|0.21|0.42|0.09|0.13|0.2||||28.9|32.9|36.6|20|27|34|41|43|46|6.1|9.2|12.6|48|61|74|26|34|43|20|35|52|".32"|".32"|1|1|1|0|0|0|13|15|25|0|1|4|27.5|35.7|43||||36.7|37.2|90.4|6.1|7.5|7.8|6.1|6.9|7.8|||||||2|3.9|8.7|||||||||||||||||||||"15420669"|"44676995"
"Btn2"||"B"||2|10|20|30|20|63|81|10|43|51|0|0|0|0|0|0|100|100|100|94|96|100|87|96|100|77|92|100|6|10|24|0|0|0|0|0|1|0|0|1|1|1|2|5|9|20|17|42|58|10|25|32|7|17|26|36|48|59|0|0|0|1|1.5|2||||1.35|1.4|1.45||||1.78|1.83|2.01||0.01|0.21|0.42|0.09|0.13|0.2||||28.9|32.9|36.6|20|27|34|41|43|46|6.1|9.2|12.6|48|61|74|26|34|43|20|35|52|".32"|".32"|1|1|1|0|0|0|13|15|25|0|1|4|27.5|35.7|43||||36.7|37.2|90.4|6.1|7.5|7.8|6.1|6.9|7.8|||||||2|3.9|8.7|||||||||||||||||||||"15420669"|"44676996"
"Btkn"||"B"|||20|63|81|64|109|132|44|46|51|0|0|0|0|0|0|100|100|100|94|96|100|87|96|100|76|90|100|8|13|24|0|0|0|0|0|1|1|1|3|1|1|2|6|11|18|17|45|56|8|22|27|9|23|29|36|42|59|2|4|6|1|1.5|2||||1.35|1.4|1.45||||1.66|1.71|1.95||0.01|0.21|0.42|0.09|0.13|0.2||||28.9|31.3|36.6|20|23.9|34|41|43|46|5.1|6.7|11.5|46|54|72|23|29|42|17|29|50|".37"|".37"|5|10|15|0|0|0|13|15|25|4|6|8|26.2|29.2|39.2||||73.6|80.5|96.5|6.6|8.1|8.4|6.6|8.1|8.4|||||||0.2|1.5|6.9|||||||||||||||||||||"15420669"|"44676997"
"Cg1"||"C"||1|84|98|135|102|117|155||19||0|0|0|0|0|0|100|100|100|95|98|100|88|97|100|77|89|97|5|12|35|0|0|2|1|1|3|1|1|7|1|5|12|2|5|11|42|54|60|22|30|35|20|24|25|22|34|42|2|4|6|0|0.25|0.5||||1.35|1.45|1.5||||1.53|1.63|1.77||0.42|2.82|14.11|0.18|0.19|0.2||||27.3|32.6|35.6|12.4|19.8|25|40|42|46|1.6|3.9|6.7|30|43|52|12|22|29|7|20|31|".37"|".37"|2|5|10|0|0|0|0|0|0|0|1|2|14.5|22.4|26.9||||23.9|35.1|65.9|6.6|7.2|8.4||||||||||0|2.8|5|||||||||||||||||||||"15420670"|"44676998"
"2Cg2"|2|"C"||2|102|117|155|200|200|200||83||0|0|0|0|0|1|93|97|100|87|91|100|78|85|96|57|63|72|34|38|42|2|2|3|3|4|5|4|5|7|14|15|18|11|12|15|28|34|40|17|20|22|11|14|18|25|28|30|4|6|8|0|0.25|0.5||||1.4|1.45|1.5||||1.51|1.56|1.59||1.41|2.82|14.11|0.14|0.15|0.16||||27.5|29.7|32.3|14|16.5|18.9|38|41|45|1.6|2.3|2.9|32|36|39|13|16|19|4|7|12|".32"|".32"|1|10|15|0|0|0|0|0|0|0|1|2|14.8|17.1|17.6||||18.6|24|56.6|7.4|7.9|8.4||||||||||0|0.3|1.8|||||||||||||||||||||"15420670"|"44676999"
"E"||"E"|||18|20|25|35|40|48||20||0|0|0|0|0|0|100|100|100|100|100|100|92|99|100|81|92|97|5|11|35|0|0|2|1|1|3|1|1|7|1|4|12|2|5|11|45|64|70|25|35|40|20|29|30|15|25|30|0|0|0|1|2|3||||1.35|1.4|1.45||||1.47|1.52|1.58||1.41|9.17|14.11|0.18|0.2|0.22||||25.5|30.8|33.2|9.7|16.5|20.5|42|43|45|1.4|2.7|4.2|27|39|46|9|17|21|5|16|23|".49"|".49"|0|0|0|0|0|0|0|0|0|0|1|2|12.9|20.5|24.4||||10.3|19.8|24.4|5.6|6.8|7.3||||||||||1.7|4.3|8.4|||||||||||||||||||||"15420670"|"44677000"
"Bt"||"B"|||35|40|48|84|98|135||58||0|0|0|0|0|0|100|100|100|100|100|100|92|99|100|81|91|98|5|12|35|0|0|2|1|1|3|1|1|7|1|5|12|2|5|11|27|46|55|16|24|30|11|22|25|35|42|48|0|0|0|1|1.5|3||||1.35|1.4|1.5||||1.7|1.75|1.84||0.42|0.92|4.23|0.11|0.13|0.2||||29.5|32|34.5|20.1|24.4|29.3|40|44|46|5.2|7.8|9.6|47|55|64|25|30|35|20|30|40|".32"|".32"|0|0|0|0|0|0|0|0|0|0|1|2|26.8|31.8|36.5||||24.1|29.8|44.5|5.6|7|7.8||||||||||1.9|4.8|9.7|||||||||||||||||||||"15420670"|"44677001"
"Ap"||"A"|||0|0|0|18|20|25||20||0|0|0|0|0|0|100|100|100|100|100|100|95|97|100|86|90|93|5|13|16|0|0|1|1|2|2|1|2|2|2|4|5|2|5|6|59|64|70|29|35|38|26|29|30|20|23|26|0|0|0|4|5|8||||1.2|1.25|1.35||||1.31|1.36|1.38||4.23|9.17|14.11|0.22|0.23|0.24||||29.5|31.2|34|14.6|17.2|22|43|47|49|2.3|2.8|3.4|39|44|53|13|14|17|12|15|20|".37"|".37"|0|0|0|0|0|0|0|0|0|0|1|2|17.3|19.7|22.2||||13.8|18.5|30.2|5.6|6.5|7.8||||||||||1.9|6.1|9.8|||||||||||||||||||||"15420670"|"44677002"
"C"||"C"|||43|84|112|200|200|200||116||0|0|0|0|0|1|93|97|100|87|91|100|78|85|96|57|63|72|34|38|42|2|2|3|3|4|5|4|5|7|14|15|18|11|12|15|28|34|40|17|20|22|11|14|18|25|28|30|4|6|8|0|0.25|0.5||||1.4|1.45|1.5||||1.52|1.57|1.59||1.41|2.82|14.11|0.14|0.15|0.16||||27.5|29.7|32.3|14|16.5|18.9|38|41|45|0|2.5|2.9|31|36|39|13|17|19|4|8|12|".32"|".32"|1|10|15|0|0|0|0|0|0|0|1|2|14.8|17.1|17.6||||18.6|24|56.6|7.4|7.9|8.4||||||||||0|0.3|1.8|||||||||||||||||||||"15420671"|"44677003"
"Bk"||"B"|||13|19|20|43|84|112||65||0|0|0|0|0|3|95|97|100|90|93|100|81|86|96|59|64|72|34|38|42|2|2|3|3|4|5|4|5|7|14|15|18|11|12|15|28|34|40|17|20|22|11|14|18|25|28|30|2|4|6|0.5|0.75|1||||1.4|1.45|1.5||||1.54|1.59|1.59||1.41|2.82|14.11|0.15|0.17|0.19||||28.1|30.5|32.7|14.7|17.3|19.5|38|41|44|0|2.9|2.9|33|38|41|14|17|20|5|8|13|".32"|".32"|15|20|30|0|0|0|0|0|0|0|1|2|18.3|19.3|19.6||||20.8|57|58.6|7.4|7.9|8.4||||||||||0|0.7|2.2|||||||||||||||||||||"15420671"|"44677004"
"Ap"||"A"|||0|0|0|13|15|20||15||0|0|0|0|0|5|94|96|100|88|92|100|80|85|96|58|63|73|34|38|42|2|2|3|3|4|5|4|5|7|14|15|18|11|12|15|35|40|45|18|20|23|17|20|22|18|22|26|0|1|3|1|2.5|4||||1.4|1.45|1.5||||1.52|1.57|1.59||4.23|9.17|14.11|0.18|0.2|0.22||||24.7|29.1|33.1|10.6|15.3|20.3|36|39|43|0|2.5|2.9|28|37|44|10|14|18|3|7|13|".28"|".28"|1|5|10|0|0|0|0|0|0|0|1|2|15.1|18|19.9||||19.5|24.3|58.9|6.6|7.7|8.4||||||||||0|1.7|5.5|||||||||||||||||||||"15420671"|"44677005"
"2C"|2|"C"|||132|153|183|200|200|200|17|47|68|0|0|0|0|0|1|93|96|100|86|91|100|78|85|95|56|63|72|34|38|42|2|2|3|3|4|5|4|5|6|14|15|16|11|12|12|28|34|41|17|20|23|11|14|18|25|28|30|4|6|8|0|0.25|0.5||||1.4|1.45|1.5||||1.51|1.56|1.59||1.41|2.82|14.11|0.14|0.15|0.16||||27.3|29.7|32.3|13.9|16.5|18.9|37|41|45|1.6|2.3|2.9|32|36|39|13|16|19|4|7|12|".32"|".32"|1|10|15|0|0|0|5|10|13|4|6|8|15.1|17.2|17.6||||70.2|70.2|72.4|7.4|7.9|8.4|7.4|8.5|9|||||||0|0.3|1.8|||||||||||||||||||||"15420638"|"44676838"
"E"||"E"|||0|0|0|5|10|15|5|10|15|0|0|0|0|0|0|100|100|100|100|100|100|97|100|100|88|93|98|8|13|19|0|0|0|0|0|0|1|1|1|1|1|2|6|11|16|55|63|71|30|35|39|25|28|32|21|24|26|0|0|0|2|3|4||||1.35|1.4|1.45||||1.48|1.53|1.55||4.23|9.17|14.11|0.2|0.22|0.24||||29.3|31.2|32.7|14.3|17.2|19.6|41|43|45|2.4|3|3.4|35|40|44|14|16|18|12|16|20|".43"|".43"|0|0|0|0|0|0|2|6|9|0|1|4|17.7|20.1|21.7||||14.2|19.7|21.5|5.6|7|7.3|5.6|6.8|7.3|||||||2.6|4|8.4|||||||||||||||||||||"15420638"|"44676839"
"Btn1"||"B"||1|5|10|15|10|20|30|5|10|15|0|0|0|0|0|0|100|100|100|94|96|100|87|96|100|77|92|100|6|10|24|0|0|0|0|0|1|0|0|1|1|1|2|5|9|20|17|42|58|10|25|32|7|17|26|36|48|59|0|0|0|1|1.5|2||||1.35|1.4|1.45||||1.78|1.83|2.01||0.01|0.21|0.42|0.09|0.13|0.2||||28.9|32.9|36.6|20|27|34|41|43|46|6.1|9.2|12.6|48|61|74|26|34|43|20|35|52|".32"|".32"|1|1|1|0|0|0|13|15|25|0|1|4|27.5|35.7|43||||36.7|37.2|90.4|6.1|7.5|7.8|6.1|6.9|7.8|||||||2|3.9|8.7|||||||||||||||||||||"15420638"|"44676840"
"Btn2"||"B"||2|10|20|30|20|63|81|10|43|51|0|0|0|0|0|0|100|100|100|94|96|100|87|96|100|77|92|100|6|10|24|0|0|0|0|0|1|0|0|1|1|1|2|5|9|20|17|42|58|10|25|32|7|17|26|36|48|59|0|0|0|1|1.5|2||||1.35|1.4|1.45||||1.78|1.83|2.01||0.01|0.21|0.42|0.09|0.13|0.2||||28.9|32.9|36.6|20|27|34|41|43|46|6.1|9.2|12.6|48|61|74|26|34|43|20|35|52|".32"|".32"|1|1|1|0|0|0|13|15|25|0|1|4|27.5|35.7|43||||36.7|37.2|90.4|6.1|7.5|7.8|6.1|6.9|7.8|||||||2|3.9|8.7|||||||||||||||||||||"15420638"|"44676841"
"Btkn"||"B"|||20|63|81|64|109|132|44|46|51|0|0|0|0|0|0|100|100|100|94|96|100|87|96|100|76|90|100|8|13|24|0|0|0|0|0|1|1|1|3|1|1|2|6|11|18|17|45|56|8|22|27|9|23|29|36|42|59|2|4|6|1|1.5|2||||1.35|1.4|1.45||||1.66|1.71|1.95||0.01|0.21|0.42|0.09|0.13|0.2||||28.9|31.3|36.6|20|23.9|34|41|43|46|5.1|6.7|11.5|46|54|72|23|29|42|17|29|50|".37"|".37"|5|10|15|0|0|0|13|15|25|4|6|8|26.2|29.2|39.2||||73.6|80.5|96.5|6.6|8.1|8.4|6.6|8.1|8.4|||||||0.2|1.5|6.9|||||||||||||||||||||"15420638"|"44676842"
"Bk"||"B"|||64|109|132|132|153|183|44|44|68|0|0|0|0|0|0|95|97|100|86|92|100|82|92|100|74|86|100|8|13|24|0|0|0|0|0|1|0|0|1|1|2|2|7|11|20|38|51|60|18|26|31|16|25|29|32|36|42|2|4|6|0|0.5|1||||1.5|1.55|1.6||||1.76|1.81|1.91||0.42|2.82|4.23|0.1|0.13|0.2||||30|32.9|36.8|18.1|21.9|27.3|34|37|41|3|5|6.8|39|45|53|20|24|29|13|21|33|".37"|".37"|5|10|15|0|0|0|5|10|13|4|6|8|20.5|24.3|27.5||||67.9|75.6|84.8|7.4|8|9|7.4|8.5|9|||||||0|0.9|3.1|||||||||||||||||||||"15420638"|"44676843"
"2C"|2|"C"||||119|||152|||||0|0|0|0|0|0|95|97.5|100|95|97.5|100|80|90|100|55|75|95||31.1|||2.7|||3.2|||6|||10.6|||8.6|||30.9||||||||30|38|50||||0|0.5|1||||1.35|1.43|1.5|||||1.78|||0.42|2|4|0.11|0.14|0.17|||||34.3|||23.1|||43||6|7.5|8.9|30|45|60|11|20.5|30|3|15|34|".28"|".28"|0|5|10|0|1|2|0|1|1|2|5|8|16|21|26|||||||6.6|7.5|8.4|||||||||||||||||||||||||||||||||"15420639"|"44676844"
"Bt"||"B"||||64|||119|||||0|0|0|0|0|0|95|97.5|100|95|97.5|100|85|92.5|100|65|82.5|100||23.3|||3.2|||3.7|||4.3|||6.5|||5.6|||29.2||||||||35|47.5|60||||1|2|3||||1.2|1.28|1.35|||||2.06|||0.42|1|1.4|0.13|0.16|0.19|||||32.6|||20.1|||47||9|17|25|40|55|70|15|25|35|8|23|44|".24"|".24"|0|3|5|0|0|0|0|0|0|0|1|2|21|28|35|||||||6.1|7|7.8|||||||||||||||||||||||||||||||||"15420639"|"44676845"
"A"||"A"||||0|||36|||||0|0|0|0|0|0|100|100|100|100|100|100|95|97.5|100|80|90|100||21.7|||1.7|||2.4|||2.1|||6.7|||8.8|||54.8||||||||20|23.5|27||||4|6|8||||1.1|1.18|1.25|||||1.23|||4|9|14|0.19|0.21|0.22|||||31.4|||14.8|||50||0|1.5|2.9|27|38.5|50|8|14|20|4|13|24|".28"|".28"|0|0|0|0|0|0|0|0|0|0|1|2|17|23.5|30|||||||5.6|6.5|7.3|||||||||||||||||||||||||||||||||"15420639"|"44676846"
"E"||"E"||||36|||64|||||0|0|0|0|0|0|95|97.5|100|95|97.5|100|90|95|100|80|90|100||17.4|||0.2|||0.4|||1.2|||5|||10.6|||52.6||||||||25|30|35||||1|2|3||||1.15|1.2|1.25|||||1.37|||1.4|3|4|0.19|0.21|0.22|||||30.4|||13.4|||49||3|4.5|5.9|30|40|50|10|17.5|25|6|16|29|".43"|".43"|0|0|0|0|0|0|0|0|0|0|1|2|14|19|24|||||||5.6|6.5|7.3|||||||||||||||||||||||||||||||||"15420639"|"44676847"
"A"||"A"|||0|0|0|15|25|50||25||0|0|0|0|0|0|100|100|100|100|100|100|96|99|100|91|95|97|5|7|16|0|0|1|1|1|2|1|1|2|1|2|5|2|3|6|55|64|67|29|35|38|26|29|30|28|29|30|0|0|0|4|5|8||||1.1|1.2|1.25||||1.25|1.35|1.36||1.41|2.82|4.23|0.21|0.22|0.23||||31.5|32.5|34.5|17.7|19.2|22.8|47|49|53|3.8|4|4.2|46|49|57|19|19|20|19|21|25|".32"|".32"|0|0|0|0|0|0|0|0|0|0|1|2|23.2|24.1|25.2||||19.5|22.4|33.2|5.6|6.5|7.8||||||||||2.5|6.6|10.2|||||||||||||||||||||"15420645"|"44676870"
"Btg"||"B"|||15|25|50|101|114|129||89||0|0|0|0|0|0|100|100|100|100|100|100|94|99|100|87|95|100|5|7|16|0|0|1|1|1|2|1|1|2|1|2|5|2|3|6|30|45|52|16|23|28|14|22|24|42|48|55|0|0|0|1|1.5|3||||1.2|1.3|1.4||||1.6|1.7|1.81||0.42|0.92|1.41|0.09|0.12|0.13||||31.3|33.2|35.7|23.2|26.8|31.9|44|47|51|7.8|9.4|11.6|54|61|71|30|34|40|28|37|48|".28"|".28"|0|0|0|0|0|0|0|0|0|0|1|2|31.4|35.7|41||||28.4|34.9|49|5.6|7|7.8||||||||||2.4|5.3|10.2|||||||||||||||||||||"15420645"|"44676871"
"Bkg"||"B"|||101|114|129|145|155|180||41||0|0|0|0|0|0|100|100|100|95|98|100|85|97|100|77|89|95|5|12|35|0|0|2|1|1|3|1|1|7|1|5|12|2|5|11|32|50|54|17|26|30|15|24|24|29|38|42|2|4|6|0.5|0.75|1||||1.4|1.45|1.55||||1.67|1.72|1.77||0.42|2.82|4.23|0.09|0.16|0.2||||30.5|34.2|35.9|17|22.7|25.6|38|42|44|2.8|5.7|6.8|38|48|53|17|25|29|12|24|31|".32"|".32"|15|25|35|0|0|0|0|0|0|0|2|4|21|25.9|27.5||||59.7|64.9|74.9|6.6|8|8.4||||||||||0|1.2|5.3|||||||||||||||||||||"15420645"|"44676872"
"Cg"||"C"|||145|155|180|200|200|200||45||0|0|0|0|0|0|100|100|100|95|98|100|85|97|100|78|89|95|5|12|35|0|0|2|1|1|3|1|1|7|1|5|12|2|5|11|32|50|54|17|26|30|15|24|24|29|38|42|2|4|6|0|0.25|0.5||||1.45|1.5|1.55||||1.71|1.76|1.83||0.42|2.82|4.23|0.08|0.18|0.2||||30.4|34.3|36|16.9|22.9|25.8|38|41|43|2.6|5.5|6.7|36|47|52|17|25|29|12|23|30|".37"|".37"|2|5|10|0|0|0|0|0|0|0|1|2|18.8|25|26.9||||26.5|39.4|65.9|6.6|8|8.4||||||||||0|0.9|5|||||||||||||||||||||"15420645"|"44676873"
"A"||"A"||||0|||20|||||0|0|0|0|0|0|95|97.5|100|95|97.5|100|85|90|95|60|72.5|85||41.1|||3.9|||5.4|||7.2|||12.8|||11.8|||36.9||||||||18|22|26||||2|4|6||||1.2|1.25|1.3|||||1.31|||4|9|14|0.18|0.19|0.2|||||29.8|||15.4|||48||0|1.5|2.9|25|32.5|40|10|15|20|3|8|17|".20"|".20"|5|10|15|0|0|0|0|0|0|0|1|2|13|17|21|||||||6.6|7.5|8.4|||||||||||||||||||||||||||||||||"15420646"|"44676874"
"Bk1"||"B"||1||20|||71|||||0|0|0|0|3|5|95|97.5|100|95|97.5|100|85|92.5|100|45|62.5|80||39.1|||3.5|||4.9|||6.8|||12.3|||11.6|||36.9||||||||18|24|30||||1|2|3||||1.2|1.28|1.35|||||1.47|||4|9|14|0.13|0.15|0.17|||||28.7|||14.2|||47||3|4.5|5.9|25|32.5|40|5|12.5|20|0|5|15|".32"|".32"|15|23|30|0|3|5|0|1|1|0|1|2|10|12.5|15|||||||7.4|8.2|9|||||||||||||||||||||||||||||||||"15420646"|"44676875"
"Bk2"||"B"||2||71|||135|||||0|0|0|0|3|5|95|97.5|100|95|97.5|100|85|92.5|100|60|70|80||34.4|||3.1|||4.3|||5.9|||10.8|||10.3|||37.6||||||||18|28|30||||0|0.5|1||||1.25|1.3|1.35|||||1.49|||4|9|14|0.16|0.18|0.2|||||29.5|||15.4|||47||3|4.5|5.9|25|32.5|40|5|12.5|20|0|7|15|".32"|".32"|10|15|20|0|3|5|0|1|2|2|3|4|10|12.5|15|||||||7.4|7.9|8.4|||||||||||||||||||||||||||||||||"15420646"|"44676876"
"C"||"C"||||135|||200|||||0|0|0|0|3|5|90|95|100|80|90|100|65|80|95|40|57.5|75||37.1|||3.3|||4.7|||6.4|||11.6|||11.1|||40.4||||||||15|22.5|30||||0|0.25|0.5||||1.3|1.38|1.45|||||1.45|||1.4|8|14|0.1|0.14|0.18|||||20.8|||12.4|||42||0|1.5|2.9|20|27.5|35|5|10|15|0|3|10|".37"|".37"|5|10|15|0|1|2|0|1|2|2|5|8|9|11.5|14|||||||7.4|7.9|8.4|||||||||||||||||||||||||||||||||"15420646"|"44676877"
"Btn2"||"B"||2|10|20|30|20|63|81|10|43|51|0|0|0|0|0|0|100|100|100|94|96|100|87|96|100|77|92|100|6|10|24|0|0|0|0|0|1|0|0|1|1|1|2|5|9|20|17|42|58|10|25|32|7|17|26|36|48|59|0|0|0|1|1.5|2||||1.35|1.4|1.45||||1.78|1.83|2.01||0.01|0.21|0.42|0.09|0.13|0.2||||28.9|32.9|36.6|20|27|34|41|43|46|6.1|9.2|12.6|48|61|74|26|34|43|20|35|52|".32"|".32"|1|1|1|0|0|0|13|15|25|0|1|4|27.5|35.7|43||||36.7|37.2|90.4|6.1|7.5|7.8|6.1|6.9|7.8|||||||2|3.9|8.7|||||||||||||||||||||"15420647"|"44676878"
"Btkn"||"B"|||20|63|81|64|109|132|44|46|51|0|0|0|0|0|0|100|100|100|94|96|100|87|96|100|76|90|100|8|13|24|0|0|0|0|0|1|1|1|3|1|1|2|6|11|18|17|45|56|8|22|27|9|23|29|36|42|59|2|4|6|1|1.5|2||||1.35|1.4|1.45||||1.66|1.71|1.95||0.01|0.21|0.42|0.09|0.13|0.2||||28.9|31.3|36.6|20|23.9|34|41|43|46|5.1|6.7|11.5|46|54|72|23|29|42|17|29|50|".37"|".37"|5|10|15|0|0|0|13|15|25|4|6|8|26.2|29.2|39.2||||73.6|80.5|96.5|6.6|8.1|8.4|6.6|8.1|8.4|||||||0.2|1.5|6.9|||||||||||||||||||||"15420647"|"44676879"
"Bk"||"B"|||64|109|132|132|153|183|44|44|68|0|0|0|0|0|0|95|97|100|86|92|100|82|92|100|74|86|100|8|13|24|0|0|0|0|0|1|0|0|1|1|2|2|7|11|20|38|51|60|18|26|31|16|25|29|32|36|42|2|4|6|0|0.5|1||||1.5|1.55|1.6||||1.76|1.81|1.91||0.42|2.82|4.23|0.1|0.13|0.2||||30|32.9|36.8|18.1|21.9|27.3|34|37|41|3|5|6.8|39|45|53|20|24|29|13|21|33|".37"|".37"|5|10|15|0|0|0|5|10|13|4|6|8|20.5|24.3|27.5||||67.9|75.6|84.8|7.4|8|9|7.4|8.5|9|||||||0|0.9|3.1|||||||||||||||||||||"15420647"|"44676880"
"2C"|2|"C"|||132|153|183|200|200|200|17|47|68|0|0|0|0|0|1|93|96|100|86|91|100|78|85|95|56|63|72|34|38|42|2|2|3|3|4|5|4|5|6|14|15|16|11|12|12|28|34|41|17|20|23|11|14|18|25|28|30|4|6|8|0|0.25|0.5||||1.4|1.45|1.5||||1.51|1.56|1.59||1.41|2.82|14.11|0.14|0.15|0.16||||27.3|29.7|32.3|13.9|16.5|18.9|37|41|45|1.6|2.3|2.9|32|36|39|13|16|19|4|7|12|".32"|".32"|1|10|15|0|0|0|5|10|13|4|6|8|15.1|17.2|17.6||||70.2|70.2|72.4|7.4|7.9|8.4|7.4|8.5|9|||||||0|0.3|1.8|||||||||||||||||||||"15420647"|"44676881"
"E"||"E"|||0|0|0|5|10|15|5|10|15|0|0|0|0|0|0|100|100|100|100|100|100|97|100|100|88|93|98|8|13|19|0|0|0|0|0|0|1|1|1|1|1|2|6|11|16|55|63|71|30|35|39|25|28|32|21|24|26|0|0|0|2|3|4||||1.35|1.4|1.45||||1.48|1.53|1.55||4.23|9.17|14.11|0.2|0.22|0.24||||29.3|31.2|32.7|14.3|17.2|19.6|41|43|45|2.4|3|3.4|35|40|44|14|16|18|12|16|20|".43"|".43"|0|0|0|0|0|0|2|6|9|0|1|4|17.7|20.1|21.7||||14.2|19.7|21.5|5.6|7|7.3|5.6|6.8|7.3|||||||2.6|4|8.4|||||||||||||||||||||"15420647"|"44676882"
"Btn1"||"B"||1|5|10|15|10|20|30|5|10|15|0|0|0|0|0|0|100|100|100|94|96|100|87|96|100|77|92|100|6|10|24|0|0|0|0|0|1|0|0|1|1|1|2|5|9|20|17|42|58|10|25|32|7|17|26|36|48|59|0|0|0|1|1.5|2||||1.35|1.4|1.45||||1.78|1.83|2.01||0.01|0.21|0.42|0.09|0.13|0.2||||28.9|32.9|36.6|20|27|34|41|43|46|6.1|9.2|12.6|48|61|74|26|34|43|20|35|52|".32"|".32"|1|1|1|0|0|0|13|15|25|0|1|4|27.5|35.7|43||||36.7|37.2|90.4|6.1|7.5|7.8|6.1|6.9|7.8|||||||2|3.9|8.7|||||||||||||||||||||"15420647"|"44676883"
"E"||"E"|||18|20|25|35|40|48||20||0|0|0|0|0|0|100|100|100|100|100|100|92|99|100|81|92|97|5|11|35|0|0|2|1|1|3|1|1|7|1|4|12|2|5|11|45|64|70|25|35|40|20|29|30|15|25|30|0|0|0|1|2|3||||1.35|1.4|1.45||||1.47|1.52|1.58||1.41|9.17|14.11|0.18|0.2|0.22||||25.5|30.8|33.2|9.7|16.5|20.5|42|43|45|1.4|2.7|4.2|27|39|46|9|17|21|5|16|23|".49"|".49"|0|0|0|0|0|0|0|0|0|0|1|2|12.9|20.5|24.4||||10.3|19.8|24.4|5.6|6.8|7.3||||||||||1.7|4.3|8.4|||||||||||||||||||||"15420648"|"44676884"
"Bt"||"B"|||35|40|48|84|98|135||58||0|0|0|0|0|0|100|100|100|100|100|100|92|99|100|81|91|98|5|12|35|0|0|2|1|1|3|1|1|7|1|5|12|2|5|11|27|46|55|16|24|30|11|22|25|35|42|48|0|0|0|1|1.5|3||||1.35|1.4|1.5||||1.7|1.75|1.84||0.42|0.92|4.23|0.11|0.13|0.2||||29.5|32|34.5|20.1|24.4|29.3|40|44|46|5.2|7.8|9.6|47|55|64|25|30|35|20|30|40|".32"|".32"|0|0|0|0|0|0|0|0|0|0|1|2|26.8|31.8|36.5||||24.1|29.8|44.5|5.6|7|7.8||||||||||1.9|4.8|9.7|||||||||||||||||||||"15420648"|"44676885"
"Ap"||"A"|||0|0|0|18|20|25||20||0|0|0|0|0|0|100|100|100|100|100|100|95|97|100|86|90|93|5|13|16|0|0|1|1|2|2|1|2|2|2|4|5|2|5|6|59|64|70|29|35|38|26|29|30|20|23|26|0|0|0|4|5|8||||1.2|1.25|1.35||||1.31|1.36|1.38||4.23|9.17|14.11|0.22|0.23|0.24||||29.5|31.2|34|14.6|17.2|22|43|47|49|2.3|2.8|3.4|39|44|53|13|14|17|12|15|20|".37"|".37"|0|0|0|0|0|0|0|0|0|0|1|2|17.3|19.7|22.2||||13.8|18.5|30.2|5.6|6.5|7.8||||||||||1.9|6.1|9.8|||||||||||||||||||||"15420648"|"44676886"
"2Cg2"|2|"C"||2|102|117|155|200|200|200||83||0|0|0|0|0|1|93|97|100|87|91|100|78|85|96|57|63|72|34|38|42|2|2|3|3|4|5|4|5|7|14|15|18|11|12|15|28|34|40|17|20|22|11|14|18|25|28|30|4|6|8|0|0.25|0.5||||1.4|1.45|1.5||||1.51|1.56|1.59||1.41|2.82|14.11|0.14|0.15|0.16||||27.5|29.7|32.3|14|16.5|18.9|38|41|45|1.6|2.3|2.9|32|36|39|13|16|19|4|7|12|".32"|".32"|1|10|15|0|0|0|0|0|0|0|1|2|14.8|17.1|17.6||||18.6|24|56.6|7.4|7.9|8.4||||||||||0|0.3|1.8|||||||||||||||||||||"15420648"|"44676887"
"Cg1"||"C"||1|84|98|135|102|117|155||19||0|0|0|0|0|0|100|100|100|95|98|100|88|97|100|77|89|97|5|12|35|0|0|2|1|1|3|1|1|7|1|5|12|2|5|11|42|54|60|22|30|35|20|24|25|22|34|42|2|4|6|0|0.25|0.5||||1.35|1.45|1.5||||1.53|1.63|1.77||0.42|2.82|14.11|0.18|0.19|0.2||||27.3|32.6|35.6|12.4|19.8|25|40|42|46|1.6|3.9|6.7|30|43|52|12|22|29|7|20|31|".37"|".37"|2|5|10|0|0|0|0|0|0|0|1|2|14.5|22.4|26.9||||23.9|35.1|65.9|6.6|7.2|8.4||||||||||0|2.8|5|||||||||||||||||||||"15420648"|"44676888"
